日期,开盘,最高,最低,收盘,成交量,期权合约简称,成交量,Delta,Gamma,Theta,Vega,隐含波动率,最高价,最低价,交易代码,行权价,最新价,理论价值
2025-03-27,0.2094,0.2312,0.185,0.2159,18730,中证500ETF购4月2150,169,0,NAN,0,0,0,0.2312,0.1850,159922C2504M002150,2.1500,0.2159,0
2025-03-27,0.0766,0.0965,0.0626,0.083,3201062,中证500ETF购4月2300,4173,0,NAN,0,0,0,0.0965,0.0626,159922C2504M002300,2.3000,0.0830,0
2025-03-27,0.027,0.0368,0.021,0.0289,27561031,中证500ETF购4月2400,15798,0,NAN,0,0,0,0.0368,0.0210,159922C2504M002400,2.4000,0.0289,0
2025-03-27,0.0084,0.0107,0.0064,0.0082,8604482,中证500ETF购4月2500,9382,0,NAN,0,0,0,0.0107,0.0064,159922C2504M002500,2.5000,0.0082,0
2025-03-27,0.0043,0.0054,0.0035,0.0047,257562,中证500ETF购4月2550,1677,0,NAN,0,0,0,0.0054,0.0035,159922C2504M002550,2.5500,0.0047,0
2025-03-27,0.0028,0.0035,0.0024,0.0026,154422,中证500ETF购4月2600,1268,0,NAN,0,0,0,0.0035,0.0024,159922C2504M002600,2.6000,0.0026,0
2025-03-27,0.0018,0.0018,0.0016,0.0016,162860,中证500ETF购4月2650,1510,0,NAN,0,0,0,0.0018,0.0016,159922C2504M002650,2.6500,0.0016,0
2025-03-27,0.0251,0.0334,0.0166,0.0215,19077154,中证500ETF沽4月2300,13941,-1,NAN,0.0917,0,0,0.0334,0.0166,159922P2504M002300,2.3000,0.0215,2.2932
2025-03-27,0.0488,0.058,0.032,0.039,54403462,中证500ETF沽4月2350,21278,-1,NAN,0.0937,0,0,0.0580,0.0320,159922P2504M002350,2.3500,0.0390,2.3431
2025-03-27,0.0743,0.0915,0.0566,0.068,20535550,中证500ETF沽4月2400,12520,-1,NAN,0.0957,0,0,0.0915,0.0566,159922P2504M002400,2.4000,0.0680,2.3929
2025-03-27,0.162,0.1757,0.1316,0.1476,42796,中证500ETF沽4月2500,346,-1,NAN,0.0997,0,0,0.1757,0.1316,159922P2504M002500,2.5000,0.1476,2.4926
2025-03-27,0.2061,0.2214,0.1831,0.1911,2040,中证500ETF沽4月2550,86,-1,NAN,0.1017,0,0,0.2214,0.1831,159922P2504M002550,2.5500,0.1911,2.5425
2025-03-27,0.2544,0.2691,0.225,0.2397,1314,中证500ETF沽4月2600,41,-1,NAN,0.1037,0,0,0.2691,0.2250,159922P2504M002600,2.6000,0.2397,2.5923
2025-03-27,0.3077,0.3196,0.2774,0.284,2458,中证500ETF沽4月2650,150,-1,NAN,0.1057,0,0,0.3196,0.2774,159922P2504M002650,2.6500,0.2840,2.6422
2025-03-27,0.2077,0.2272,0.1987,0.2139,445477,50ETF购5月2550,192,0.9274,0.8711,-0.1575,0.1565,0.0008,0.2272,0.1987,510050C2505M02550,2.5500,0.2139,0.2225
2025-03-27,0.1633,0.1817,0.1566,0.1715,834805,50ETF购5月2600,252,0.8686,1.3445,-0.1879,0.2415,0.1059,0.1817,0.1566,510050C2505M02600,2.6000,0.1715,0.1783
2025-03-27,0.1236,0.1415,0.117,0.129,5049215,50ETF购5月2650,1264,0.785,1.8431,-0.2172,0.3311,0.1108,0.1415,0.1170,510050C2505M02650,2.6500,0.1290,0.1379
2025-03-27,0.0901,0.1063,0.0835,0.0953,11308177,50ETF购5月2700,2495,0.679,2.2589,-0.2377,0.4058,0.1221,0.1063,0.0835,510050C2505M02700,2.7000,0.0953,0.1024
2025-03-27,0.061,0.0761,0.0581,0.0671,30801897,50ETF购5月2750,6783,0.5583,2.4899,-0.2427,0.4473,0.1272,0.0761,0.0581,510050C2505M02750,2.7500,0.0671,0.0728
2025-03-27,0.0444,0.0532,0.0342,0.0462,15152498,50ETF购5月2800,3290,0.4341,2.4824,-0.2294,0.446,0.133,0.0532,0.0342,510050C2505M02800,2.8000,0.0462,0.0493
2025-03-27,0.031,0.036,0.0223,0.0301,18108996,50ETF购5月2850,4641,0.3181,2.2505,-0.2002,0.4043,0.1358,0.0360,0.0223,510050C2505M02850,2.8500,0.0301,0.0317
2025-03-27,0.0217,0.0242,0.0152,0.02,26787986,50ETF购5月2900,6895,0.2193,1.8643,-0.1612,0.3349,0.1417,0.0242,0.0152,510050C2505M02900,2.9000,0.0200,0.0194
2025-03-27,0.0144,0.0161,0.0115,0.014,5258733,50ETF购5月2950,7213,0.142,1.4179,-0.12,0.2547,0.1503,0.0161,0.0115,510050C2505M02950,2.9500,0.0140,0.0112
2025-03-27,0.0092,0.0092,0.0045,0.0059,977346,50ETF沽5月2550,2502,-0.0726,0.8711,-0.0562,0.1565,0.1439,0.0092,0.0045,510050P2505M02550,2.5500,0.0059,0.0052
2025-03-27,0.0155,0.0155,0.009,0.0113,4800661,50ETF沽5月2600,5364,-0.1314,1.3445,-0.0846,0.2415,0.1422,0.0155,0.0090,510050P2505M02600,2.6000,0.0113,0.0107
2025-03-27,0.0262,0.0262,0.0176,0.0208,33342676,50ETF沽5月2650,7198,-0.215,1.8431,-0.1119,0.3311,0.1423,0.0262,0.0176,510050P2505M02650,2.6500,0.0208,0.02
2025-03-27,0.044,0.0444,0.0314,0.0359,24985532,50ETF沽5月2700,5231,-0.321,2.2589,-0.1304,0.4058,0.1442,0.0444,0.0314,510050P2505M02700,2.7000,0.0359,0.0341
2025-03-27,0.0664,0.0678,0.0517,0.0581,31700874,50ETF沽5月2750,6334,-0.4417,2.4899,-0.1334,0.4473,0.1487,0.0678,0.0517,510050P2505M02750,2.7500,0.0581,0.0541
2025-03-27,0.0997,0.0997,0.0659,0.0867,14331295,50ETF沽5月2800,2435,-0.5659,2.4824,-0.1181,0.446,0.1542,0.0997,0.0659,510050P2505M02800,2.8000,0.0867,0.0803
2025-03-27,0.1323,0.1337,0.1117,0.1211,4170221,50ETF沽5月2850,835,-0.6819,2.2505,-0.0869,0.4043,0.161,0.1337,0.1117,510050P2505M02850,2.8500,0.1211,0.1124
2025-03-27,0.1713,0.1758,0.1499,0.1612,838534,50ETF沽5月2900,277,-0.7807,1.8643,-0.046,0.3349,0.172,0.1758,0.1499,510050P2505M02900,2.9000,0.1612,0.1497
2025-03-27,0.2131,0.2191,0.1939,0.2049,156985,50ETF沽5月2950,74,-0.858,1.4179,-0.0028,0.2547,0.1859,0.2191,0.1939,510050P2505M02950,2.9500,0.2049,0.1912
2025-03-27,0.2373,0.2685,0.2336,0.2685,760,沪深300ETF购5月3900,54,0,NAN,0,0,0,0.2685,0.2336,159919C2505M003900,3.9000,0.2685,0
2025-03-27,0.1706,0.191,0.1549,0.1754,9698,沪深300ETF购5月4000,174,0,NAN,0,0,0,0.1910,0.1549,159919C2505M004000,4.0000,0.1754,0
2025-03-27,0.1091,0.1258,0.0994,0.1117,34572,沪深300ETF购5月4100,310,0,NAN,0,0,0,0.1258,0.0994,159919C2505M004100,4.1000,0.1117,0
2025-03-27,0.0673,0.0768,0.0593,0.0674,13674,沪深300ETF购5月4200,194,0,NAN,0,0,0,0.0768,0.0593,159919C2505M004200,4.2000,0.0674,0
2025-03-27,0.0419,0.0458,0.035,0.0393,230692,沪深300ETF购5月4300,949,0,NAN,0,0,0,0.0458,0.0350,159919C2505M004300,4.3000,0.0393,0
2025-03-27,0.0256,0.0256,0.021,0.0226,13504,沪深300ETF购5月4400,240,0,NAN,0,0,0,0.0256,0.0210,159919C2505M004400,4.4000,0.0226,0
2025-03-27,0.0155,0.0179,0.0132,0.0137,310366,沪深300ETF购5月4500,1501,0,NAN,0,0,0,0.0179,0.0132,159919C2505M004500,4.5000,0.0137,0
2025-03-27,0.0056,0.0065,0.004,0.004,1458,沪深300ETF沽5月3700,46,-1,NAN,0.147,0,0,0.0065,0.0040,159919P2505M003700,3.7000,0.0040,3.6749
2025-03-27,0.0109,0.014,0.0079,0.0085,2912,沪深300ETF沽5月3800,87,-1,NAN,0.151,0,0,0.0140,0.0079,159919P2505M003800,3.8000,0.0085,3.7743
2025-03-27,0.0235,0.0279,0.0168,0.0189,20130,沪深300ETF沽5月3900,240,-1,NAN,0.1549,0,0,0.0279,0.0168,159919P2505M003900,3.9000,0.0189,3.8736
2025-03-27,0.0472,0.0531,0.0351,0.0399,47404,沪深300ETF沽5月4000,508,-1,NAN,0.1589,0,0,0.0531,0.0351,159919P2505M004000,4.0000,0.0399,3.9729
2025-03-27,0.0862,0.0925,0.0677,0.0768,43666,沪深300ETF沽5月4100,372,-1,NAN,0.1629,0,0,0.0925,0.0677,159919P2505M004100,4.1000,0.0768,4.0722
2025-03-27,0.1479,0.1498,0.1193,0.1325,26036,沪深300ETF沽5月4200,252,-1,NAN,0.1669,0,0,0.1498,0.1193,159919P2505M004200,4.2000,0.1325,4.1716
2025-03-27,0.2265,0.228,0.1883,0.2044,4240,沪深300ETF沽5月4300,102,-1,NAN,0.1708,0,0,0.2280,0.1883,159919P2505M004300,4.3000,0.2044,4.2709
2025-03-27,0.4341,0.4591,0.4065,0.435,104883,300ETF购5月3600,58,0.9774,0.2211,-0.1776,0.089,0.0008,0.4591,0.4065,510300C2505M03600,3.6000,0.4350,0.4535
2025-03-27,0.3377,0.36,0.3249,0.341,61251,300ETF购5月3700,29,0.9392,0.4958,-0.2229,0.1997,0.0008,0.3600,0.3249,510300C2505M03700,3.7000,0.3410,0.3586
2025-03-27,0.2476,0.2712,0.2275,0.25,714246,300ETF购5月3800,88,0.8656,0.8921,-0.2832,0.3592,0.0008,0.2712,0.2275,510300C2505M03800,3.8000,0.2500,0.2696
2025-03-27,0.1607,0.1892,0.1487,0.1695,5659867,300ETF购5月3900,596,0.7501,1.3095,-0.3401,0.5273,0.1023,0.1892,0.1487,510300C2505M03900,3.9000,0.1695,0.1907
2025-03-27,0.1008,0.122,0.0913,0.1071,38481546,300ETF购5月4000,5176,0.6005,1.5918,-0.3675,0.641,0.1172,0.1220,0.0913,510300C2505M04000,4.0000,0.1071,0.1256
2025-03-27,0.0628,0.0741,0.0537,0.0621,39939625,300ETF购5月4100,6196,0.4383,1.6245,-0.3491,0.6542,0.1243,0.0741,0.0537,510300C2505M04100,4.1000,0.0621,0.0764
2025-03-27,0.0357,0.0432,0.031,0.0355,30938848,300ETF购5月4200,5485,0.2894,1.4093,-0.2891,0.5675,0.1334,0.0432,0.0310,510300C2505M04200,4.2000,0.0355,0.0426
2025-03-27,0.0235,0.025,0.018,0.0203,17778284,300ETF购5月4300,4660,0.1721,1.0513,-0.209,0.4234,0.1427,0.0250,0.0180,510300C2505M04300,4.3000,0.0203,0.0218
2025-03-27,0.0135,0.0146,0.0108,0.012,3505963,300ETF购5月4400,4916,0.0922,0.6814,-0.1325,0.2744,0.1526,0.0146,0.0108,510300C2505M04400,4.4000,0.0120,0.0102
2025-03-27,0.0069,0.0069,0.0037,0.0038,790335,300ETF沽5月3600,1932,-0.0226,0.2211,-0.0346,0.089,0.162,0.0069,0.0037,510300P2505M03600,3.6000,0.0038,0.0021
2025-03-27,0.0123,0.0123,0.0073,0.0083,1261661,300ETF沽5月3700,2450,-0.0608,0.4958,-0.0759,0.1997,0.1546,0.0123,0.0073,510300P2505M03700,3.7000,0.0083,0.0065
2025-03-27,0.0227,0.0231,0.0154,0.0179,20525725,300ETF沽5月3800,6108,-0.1344,0.8921,-0.1323,0.3592,0.1489,0.0231,0.0154,510300P2505M03800,3.8000,0.0179,0.0169
2025-03-27,0.0456,0.0482,0.0331,0.038,41385805,300ETF沽5月3900,6767,-0.2499,1.3095,-0.1852,0.5273,0.1475,0.0482,0.0331,510300P2505M03900,3.9000,0.0380,0.0373
2025-03-27,0.0852,0.092,0.0653,0.0753,39117945,300ETF沽5月4000,5667,-0.3995,1.5918,-0.2086,0.641,0.1521,0.0920,0.0653,510300P2505M04000,4.0000,0.0753,0.0715
2025-03-27,0.1421,0.1526,0.1169,0.1313,18169818,300ETF沽5月4100,2833,-0.5617,1.6245,-0.1862,0.6542,0.161,0.1526,0.1169,510300P2505M04100,4.1000,0.1313,0.1216
2025-03-27,0.2142,0.2294,0.1852,0.2024,4603203,300ETF沽5月4200,565,-0.7106,1.4093,-0.1223,0.5675,0.1723,0.2294,0.1852,510300P2505M04200,4.2000,0.2024,0.1872
2025-03-27,0.2963,0.308,0.2793,0.2833,303760,300ETF沽5月4300,87,-0.8279,1.0513,-0.0382,0.4234,0.1839,0.3080,0.2793,510300P2505M04300,4.3000,0.2833,0.2657
2025-03-27,0.3843,0.4,0.37,0.3791,39697,300ETF沽5月4400,21,-0.9078,0.6814,0.0423,0.2744,0.2153,0.4000,0.3700,510300P2505M04400,4.4000,0.3791,0.3534
2025-03-27,0.1466,0.1743,0.1466,0.1743,468,深证100ETF购5月2650,33,0,NAN,0,0,0,0.1743,0.1466,159901C2505M002650,2.6500,0.1743,0
2025-03-27,0.1207,0.1207,0.1185,0.1185,128,深证100ETF购5月2700,12,0,NAN,0,0,0,0.1207,0.1185,159901C2505M002700,2.7000,0.1185,0
2025-03-27,0.0913,0.0966,0.0789,0.0966,418,深证100ETF购5月2750,25,0,NAN,0,0,0,0.0966,0.0789,159901C2505M002750,2.7500,0.0966,0
2025-03-27,0.068,0.0734,0.0589,0.0716,1184,深证100ETF购5月2800,56,0,NAN,0,0,0,0.0734,0.0589,159901C2505M002800,2.8000,0.0716,0
2025-03-27,0.0502,0.0516,0.0422,0.0516,1318,深证100ETF购5月2850,69,0,NAN,0,0,0,0.0516,0.0422,159901C2505M002850,2.8500,0.0516,0
2025-03-27,0.0368,0.0399,0.03,0.0367,236,深证100ETF购5月2900,13,0,NAN,0,0,0,0.0399,0.0300,159901C2505M002900,2.9000,0.0367,0
2025-03-27,0.0272,0.0272,0.0214,0.0254,5524,深证100ETF购5月2950,137,0,NAN,0,0,0,0.0272,0.0214,159901C2505M002950,2.9500,0.0254,0
2025-03-27,0.0138,0.014,0.0077,0.0085,522,深证100ETF沽5月2550,29,-1,NAN,0.1013,0,0,0.0140,0.0077,159901P2505M002550,2.5500,0.0085,2.5327
2025-03-27,0.0214,0.0214,0.0141,0.015,534,深证100ETF沽5月2600,29,-1,NAN,0.1033,0,0,0.0214,0.0141,159901P2505M002600,2.6000,0.0150,2.5824
2025-03-27,0.0317,0.0338,0.0237,0.0256,7524,深证100ETF沽5月2650,245,-1,NAN,0.1053,0,0,0.0338,0.0237,159901P2505M002650,2.6500,0.0256,2.6321
2025-03-27,0.0465,0.0493,0.038,0.0396,4206,深证100ETF沽5月2700,121,-1,NAN,0.1073,0,0,0.0493,0.0380,159901P2505M002700,2.7000,0.0396,2.6817
2025-03-27,0.0667,0.0707,0.0563,0.0594,616,深证100ETF沽5月2750,37,-1,NAN,0.1093,0,0,0.0707,0.0563,159901P2505M002750,2.7500,0.0594,2.7314
2025-03-27,0.0922,0.0922,0.0773,0.0842,332,深证100ETF沽5月2800,25,-1,NAN,0.1112,0,0,0.0922,0.0773,159901P2505M002800,2.8000,0.0842,2.781
2025-03-27,0.1228,0.1228,0.1056,0.1114,1478,深证100ETF沽5月2850,51,-1,NAN,0.1132,0,0,0.1228,0.1056,159901P2505M002850,2.8500,0.1114,2.8307
2025-03-27,0.1575,0.1575,0.144,0.1456,252,深证100ETF沽5月2900,22,-1,NAN,0.1152,0,0,0.1575,0.1440,159901P2505M002900,2.9000,0.1456,2.8804
2025-03-27,0.182,0.1845,0.182,0.1844,212,深证100ETF沽5月2950,21,-1,NAN,0.1172,0,0,0.1845,0.1820,159901P2505M002950,2.9500,0.1844,2.93
2025-03-27,0.1972,0.2176,0.1972,0.2097,48974,科创板50购5月850,26,0.9768,0.433,-0.0532,0.024,0.0008,0.2176,0.1972,588080C2505M00850,0.8500,0.2097,0.2199
2025-03-27,0.1496,0.1693,0.1496,0.158,48073,科创板50购5月900,23,0.9348,1.0028,-0.0803,0.0557,0.0008,0.1693,0.1496,588080C2505M00900,0.9000,0.1580,0.1729
2025-03-27,0.113,0.113,0.112,0.112,500,科创板50购5月950,21,0.8552,1.7962,-0.1162,0.0998,0.0008,0.1130,0.1120,588080C2505M00950,0.9500,0.1120,0.1294
2025-03-27,0.0696,0.0779,0.0679,0.0736,246345,科创板50购5月1000,187,0.7353,2.5824,-0.1498,0.1434,0.144,0.0779,0.0679,588080C2505M01000,1.0000,0.0736,0.0915
2025-03-27,0.0403,0.0537,0.0403,0.0477,591930,科创板50购5月1050,524,0.587,3.072,-0.1678,0.1706,0.2124,0.0537,0.0403,588080C2505M01050,1.0500,0.0477,0.0608
2025-03-27,0.027,0.0336,0.025,0.0289,1598678,科创板50购5月1100,1506,0.4324,3.1018,-0.1636,0.1723,0.2373,0.0336,0.0250,588080C2505M01100,1.1000,0.0289,0.0378
2025-03-27,0.0168,0.0203,0.0148,0.0169,3251493,科创板50购5月1150,2092,0.2935,2.7156,-0.14,0.1508,0.2543,0.0203,0.0148,588080C2505M01150,1.1500,0.0169,0.022
2025-03-27,0.0127,0.0127,0.0093,0.0103,128173,科创板50购5月1200,610,0.1841,2.0991,-0.1066,0.1166,0.274,0.0127,0.0093,588080C2505M01200,1.2000,0.0103,0.0121
2025-03-27,0.0064,0.0072,0.0058,0.0064,172882,科创板50购5月1250,984,0.1071,1.4548,-0.0731,0.0808,0.2919,0.0072,0.0058,588080C2505M01250,1.2500,0.0064,0.0062
2025-03-27,0.0022,0.0022,0.0006,0.0007,21398,科创板50沽5月850,315,-0.0232,0.433,-0.0194,0.024,0.2682,0.0022,0.0006,588080P2505M00850,0.8500,0.0007,0.0011
2025-03-27,0.0043,0.0043,0.0016,0.002,224266,科创板50沽5月900,1529,-0.0652,1.0028,-0.0445,0.0557,0.2519,0.0043,0.0016,588080P2505M00900,0.9000,0.0020,0.0038
2025-03-27,0.0101,0.0101,0.006,0.007,72183,科创板50沽5月950,539,-0.1448,1.7962,-0.0784,0.0998,0.258,0.0101,0.0060,588080P2505M00950,0.9500,0.0070,0.01
2025-03-27,0.022,0.0232,0.0156,0.0192,908034,科创板50沽5月1000,778,-0.2647,2.5824,-0.11,0.1434,0.2717,0.0232,0.0156,588080P2505M01000,1.0000,0.0192,0.0217
2025-03-27,0.0455,0.0474,0.0357,0.0405,218237,科创板50沽5月1050,295,-0.413,3.072,-0.1261,0.1706,0.2885,0.0474,0.0357,588080P2505M01050,1.0500,0.0405,0.0406
2025-03-27,0.0799,0.0799,0.0648,0.0721,134994,科创板50沽5月1100,224,-0.5676,3.1018,-0.1199,0.1723,0.3167,0.0799,0.0648,588080P2505M01100,1.1000,0.0721,0.0674
2025-03-27,0.1017,0.1086,0.1017,0.1086,29193,科创板50沽5月1150,31,-0.7065,2.7156,-0.0944,0.1508,0.3368,0.1086,0.1017,588080P2505M01150,1.1500,0.1086,0.1013
2025-03-27,0.1489,0.1489,0.1489,0.1489,8120,科创板50沽5月1200,10,-0.8159,2.0991,-0.059,0.1166,0.3523,0.1489,0.1489,588080P2505M01200,1.2000,0.1489,0.1409
2025-03-27,0.199,0.1999,0.1868,0.1933,81295,科创板50沽5月1250,46,-0.8929,1.4548,-0.0235,0.0808,0.3761,0.1999,0.1868,588080P2505M01250,1.2500,0.1933,0.1847
2025-03-27,0.1793,0.1929,0.1793,0.185,218755,科创50购5月900,75,0.9588,0.6771,-0.0677,0.0397,0.0008,0.1929,0.1793,588000C2505M00900,0.9000,0.1850,0.2004
2025-03-27,0.1401,0.1488,0.1373,0.1378,56751,科创50购5月950,45,0.9004,1.3426,-0.1002,0.0787,0.0008,0.1488,0.1373,588000C2505M00950,0.9500,0.1378,0.1549
2025-03-27,0.0869,0.1039,0.0869,0.0966,698582,科创50购5月1000,439,0.8035,2.1258,-0.1368,0.1247,0.0008,0.1039,0.0869,588000C2505M01000,1.0000,0.0966,0.1138
2025-03-27,0.059,0.0719,0.0548,0.0609,7164903,科创50购5月1050,3445,0.6719,2.7727,-0.1648,0.1626,0.1721,0.0719,0.0548,588000C2505M01050,1.0500,0.0609,0.0791
2025-03-27,0.0369,0.0459,0.034,0.0381,13464245,科创50购5月1100,6958,0.5221,3.057,-0.1735,0.1793,0.2137,0.0459,0.0340,588000C2505M01100,1.1000,0.0381,0.0517
2025-03-27,0.0243,0.0284,0.0191,0.0232,6704352,科创50购5月1150,4782,0.3756,2.9116,-0.1606,0.1707,0.2386,0.0284,0.0191,588000C2505M01150,1.1500,0.0232,0.0318
2025-03-27,0.016,0.0171,0.0116,0.0139,6043308,科创50购5月1200,6955,0.2502,2.44,-0.1321,0.1431,0.2573,0.0171,0.0116,588000C2505M01200,1.2000,0.0139,0.0184
2025-03-27,0.0116,0.0116,0.0075,0.0084,2070650,科创50购5月1250,4861,0.1548,1.8275,-0.0977,0.1072,0.2741,0.0116,0.0075,588000C2505M01250,1.2500,0.0084,0.01
2025-03-27,0.0067,0.0067,0.0045,0.0055,846853,科创50购5月1300,2684,0.0894,1.2399,-0.0657,0.0727,0.2943,0.0067,0.0045,588000C2505M01300,1.3000,0.0055,0.0051
2025-03-27,0.0034,0.0034,0.0005,0.0009,247157,科创50沽5月900,1818,-0.0412,0.6771,-0.032,0.0397,0.2455,0.0034,0.0005,588000P2505M00900,0.9000,0.0009,0.0023
2025-03-27,0.0048,0.0052,0.0018,0.0035,1080421,科创50沽5月950,3458,-0.0996,1.3426,-0.0625,0.0787,0.2471,0.0052,0.0018,588000P2505M00950,0.9500,0.0035,0.0065
2025-03-27,0.0137,0.0137,0.0077,0.0108,3648186,科创50沽5月1000,6454,-0.1965,2.1258,-0.0971,0.1247,0.2538,0.0137,0.0077,588000P2505M01000,1.0000,0.0108,0.0151
2025-03-27,0.0288,0.0318,0.0211,0.0268,14812005,科创50沽5月1050,9078,-0.3281,2.7727,-0.123,0.1626,0.2701,0.0318,0.0211,588000P2505M01050,1.0500,0.0268,0.03
2025-03-27,0.0564,0.0604,0.0446,0.0532,9588136,科创50沽5月1100,5112,-0.4779,3.057,-0.1298,0.1793,0.2948,0.0604,0.0446,588000P2505M01100,1.1000,0.0532,0.0522
2025-03-27,0.0927,0.0962,0.0775,0.0878,1463917,科创50沽5月1150,1181,-0.6244,2.9116,-0.115,0.1707,0.3234,0.0962,0.0775,588000P2505M01150,1.1500,0.0878,0.082
2025-03-27,0.1366,0.1366,0.1165,0.1215,111918,科创50沽5月1200,40,-0.7498,2.44,-0.0845,0.1431,0.3119,0.1366,0.1165,588000P2505M01200,1.2000,0.1215,0.1182
2025-03-27,0.2288,0.2293,0.2175,0.2175,200477,科创50沽5月1300,61,-0.9106,1.2399,-0.014,0.0727,0.4212,0.2293,0.2175,588000P2505M01300,1.3000,0.2175,0.2043
2025-03-27,0.1881,0.2229,0.1881,0.2069,7228,创业板ETF购5月1900,157,0,NAN,0,0,0,0.2229,0.1881,159915C2505M001900,1.9000,0.2069,0
2025-03-27,0.1579,0.1693,0.1579,0.1693,344,创业板ETF购5月1950,22,0,NAN,0,0,0,0.1693,0.1579,159915C2505M001950,1.9500,0.1693,0
2025-03-27,0.117,0.1412,0.1127,0.1278,20918,创业板ETF购5月2000,272,0,NAN,0,0,0,0.1412,0.1127,159915C2505M002000,2.0000,0.1278,0
2025-03-27,0.0871,0.1093,0.0832,0.0959,120492,创业板ETF购5月2050,537,0,NAN,0,0,0,0.1093,0.0832,159915C2505M002050,2.0500,0.0959,0
2025-03-27,0.069,0.0814,0.06,0.0699,1054716,创业板ETF购5月2100,2193,0,NAN,0,0,0,0.0814,0.0600,159915C2505M002100,2.1000,0.0699,0
2025-03-27,0.0503,0.058,0.0435,0.0505,1039242,创业板ETF购5月2150,2227,0,NAN,0,0,0,0.0580,0.0435,159915C2505M002150,2.1500,0.0505,0
2025-03-27,0.0364,0.042,0.0305,0.0358,604278,创业板ETF购5月2200,1555,0,NAN,0,0,0,0.0420,0.0305,159915C2505M002200,2.2000,0.0358,0
2025-03-27,0.0266,0.0296,0.021,0.0254,5467152,创业板ETF购5月2250,5724,0,NAN,0,0,0,0.0296,0.0210,159915C2505M002250,2.2500,0.0254,0
2025-03-27,0.018,0.0204,0.0137,0.0176,15363288,创业板ETF购5月2300,11891,0,NAN,0,0,0,0.0204,0.0137,159915C2505M002300,2.3000,0.0176,0
2025-03-27,0.0122,0.0127,0.0068,0.0087,4552452,创业板ETF沽5月1900,5526,-1,NAN,0.0755,0,0,0.0127,0.0068,159915P2505M001900,1.9000,0.0087,1.8871
2025-03-27,0.02,0.0232,0.0132,0.0163,10763290,创业板ETF沽5月1950,9008,-1,NAN,0.0775,0,0,0.0232,0.0132,159915P2505M001950,1.9500,0.0163,1.9368
2025-03-27,0.0341,0.0391,0.0238,0.0282,2094496,创业板ETF沽5月2000,3515,-1,NAN,0.0795,0,0,0.0391,0.0238,159915P2505M002000,2.0000,0.0282,1.9865
2025-03-27,0.0532,0.06,0.0398,0.0473,578570,创业板ETF沽5月2050,1376,-1,NAN,0.0814,0,0,0.0600,0.0398,159915P2505M002050,2.0500,0.0473,2.0361
2025-03-27,0.0781,0.0869,0.0615,0.0702,1250690,创业板ETF沽5月2100,2353,-1,NAN,0.0834,0,0,0.0869,0.0615,159915P2505M002100,2.1000,0.0702,2.0858
2025-03-27,0.1119,0.1187,0.089,0.1001,65056,创业板ETF沽5月2150,561,-1,NAN,0.0854,0,0,0.1187,0.0890,159915P2505M002150,2.1500,0.1001,2.1354
2025-03-27,0.1498,0.15,0.1221,0.134,40128,创业板ETF沽5月2200,451,-1,NAN,0.0874,0,0,0.1500,0.1221,159915P2505M002200,2.2000,0.1340,2.1851
2025-03-27,0.1747,0.1776,0.1666,0.1776,7864,创业板ETF沽5月2250,215,-1,NAN,0.0894,0,0,0.1776,0.1666,159915P2505M002250,2.2500,0.1776,2.2348
2025-03-27,0.238,0.2383,0.2081,0.2137,1270,创业板ETF沽5月2300,35,-1,NAN,0.0914,0,0,0.2383,0.2081,159915P2505M002300,2.3000,0.2137,2.2844
2025-03-27,0.83,0.8931,0.8058,0.892,282620,500ETF购5月5000,132,0.9901,0.056,-0.2331,0.0651,0.0008,0.8931,0.8058,510500C2505M05000,5.0000,0.8920,0.9915
2025-03-27,0.6031,0.6538,0.575,0.6528,204596,500ETF购5月5250,68,0.9568,0.1941,-0.3257,0.2253,0.0008,0.6538,0.5750,510500C2505M05250,5.2500,0.6528,0.7502
2025-03-27,0.3768,0.4516,0.3569,0.4185,2549320,500ETF购5月5500,676,0.8704,0.4463,-0.4802,0.5181,0.0008,0.4516,0.3569,510500C2505M05500,5.5000,0.4185,0.525
2025-03-27,0.2247,0.2658,0.1917,0.2389,38265087,500ETF购5月5750,4184,0.7152,0.7177,-0.6296,0.8331,0.0008,0.2658,0.1917,510500C2505M05750,5.7500,0.2389,0.3324
2025-03-27,0.1122,0.1341,0.09,0.117,52313450,500ETF购5月6000,5888,0.513,0.8431,-0.6698,0.9788,0.1212,0.1341,0.0900,510500C2505M06000,6.0000,0.1170,0.187
2025-03-27,0.0579,0.061,0.0353,0.0531,25199110,500ETF购5月6250,3695,0.3151,0.7512,-0.5659,0.8721,0.1457,0.0610,0.0353,510500C2505M06250,6.2500,0.0531,0.0923
2025-03-27,0.028,0.028,0.018,0.0249,9046594,500ETF购5月6500,2172,0.1647,0.5242,-0.3827,0.6085,0.166,0.0280,0.0180,510500C2505M06500,6.5000,0.0249,0.0398
2025-03-27,0.0152,0.0152,0.0091,0.0126,623413,500ETF购5月6750,1040,0.0734,0.2945,-0.2108,0.3419,0.1853,0.0152,0.0091,510500C2505M06750,6.7500,0.0126,0.015
2025-03-27,0.0095,0.0095,0.005,0.007,813070,500ETF购5月7000,1525,0.0281,0.1364,-0.0963,0.1584,0.2041,0.0095,0.0050,510500C2505M07000,7.0000,0.0070,0.005
2025-03-27,0.0089,0.0089,0.0048,0.0052,368159,500ETF沽5月5000,657,-0.0099,0.056,-0.0345,0.0651,0.2283,0.0089,0.0048,510500P2505M05000,5.0000,0.0052,0.0016
2025-03-27,0.0193,0.022,0.0125,0.0143,1292756,500ETF沽5月5250,997,-0.0432,0.1941,-0.1171,0.2253,0.2145,0.0220,0.0125,510500P2505M05250,5.2500,0.0143,0.0086
2025-03-27,0.0469,0.0598,0.0354,0.0419,25650992,500ETF沽5月5500,3998,-0.1296,0.4463,-0.2617,0.5181,0.2112,0.0598,0.0354,510500P2505M05500,5.5000,0.0419,0.0318
2025-03-27,0.1143,0.144,0.0938,0.1088,87568299,500ETF沽5月5750,9284,-0.2848,0.7177,-0.4011,0.8331,0.2178,0.1440,0.0938,510500P2505M05750,5.7500,0.1088,0.0875
2025-03-27,0.2532,0.2905,0.209,0.2379,59548851,500ETF沽5月6000,6329,-0.487,0.8431,-0.4314,0.9788,0.2412,0.2905,0.2090,510500P2505M06000,6.0000,0.2379,0.1904
2025-03-27,0.4385,0.6531,0.3892,0.4217,4201289,500ETF沽5月6250,1184,-0.6849,0.7512,-0.3176,0.8721,0.2781,0.6531,0.3892,510500P2505M06250,6.2500,0.4217,0.344
2025-03-27,0.7115,0.7151,0.6162,0.6389,266927,500ETF沽5月6500,84,-0.8353,0.5242,-0.1245,0.6085,0.3243,0.7151,0.6162,510500P2505M06500,6.5000,0.6389,0.5398
2025-03-27,0.9424,0.955,0.9025,0.9072,183784,500ETF沽5月6750,82,-0.9266,0.2945,0.0574,0.3419,0.4183,0.9550,0.9025,510500P2505M06750,6.7500,0.9072,0.7633
2025-03-27,1.1876,1.2011,1.1462,1.1514,213386,500ETF沽5月7000,103,-0.9719,0.1364,0.1818,0.1584,0.4765,1.2011,1.1462,510500P2505M07000,7.0000,1.1514,1.0016
2025-03-27,0.2093,0.2232,0.2032,0.2138,600,中证500ETF购5月2150,33,0,NAN,0,0,0,0.2232,0.2032,159922C2505M002150,2.1500,0.2138,0
2025-03-27,0.1655,0.1728,0.1443,0.1699,11086,中证500ETF购5月2200,169,0,NAN,0,0,0,0.1728,0.1443,159922C2505M002200,2.2000,0.1699,0
2025-03-27,0.1262,0.142,0.1079,0.1309,4258,中证500ETF购5月2250,84,0,NAN,0,0,0,0.1420,0.1079,159922C2505M002250,2.2500,0.1309,0
2025-03-27,0.0911,0.107,0.079,0.097,23684,中证500ETF购5月2300,302,0,NAN,0,0,0,0.1070,0.0790,159922C2505M002300,2.3000,0.0970,0
2025-03-27,0.0643,0.076,0.054,0.0669,127502,中证500ETF购5月2350,804,0,NAN,0,0,0,0.0760,0.0540,159922C2505M002350,2.3500,0.0669,0
2025-03-27,0.0448,0.0539,0.0366,0.0465,114148,中证500ETF购5月2400,743,0,NAN,0,0,0,0.0539,0.0366,159922C2505M002400,2.4000,0.0465,0
2025-03-27,0.0308,0.0359,0.0246,0.0317,158872,中证500ETF购5月2450,839,0,NAN,0,0,0,0.0359,0.0246,159922C2505M002450,2.4500,0.0317,0
2025-03-27,0.0211,0.0238,0.0161,0.0224,81818,中证500ETF购5月2500,701,0,NAN,0,0,0,0.0238,0.0161,159922C2505M002500,2.5000,0.0224,0
2025-03-27,0.0146,0.0159,0.0107,0.0149,5390,中证500ETF购5月2550,117,0,NAN,0,0,0,0.0159,0.0107,159922C2505M002550,2.5500,0.0149,0
2025-03-27,0.0134,0.0141,0.0093,0.0109,11610,中证500ETF沽5月2150,351,-1,NAN,0.0854,0,0,0.0141,0.0093,159922P2505M002150,2.1500,0.0109,2.1354
2025-03-27,0.0214,0.0238,0.0155,0.0181,55000,中证500ETF沽5月2200,629,-1,NAN,0.0874,0,0,0.0238,0.0155,159922P2505M002200,2.2000,0.0181,2.1851
2025-03-27,0.0338,0.0384,0.025,0.0291,73216,中证500ETF沽5月2250,595,-1,NAN,0.0894,0,0,0.0384,0.0250,159922P2505M002250,2.2500,0.0291,2.2348
2025-03-27,0.0504,0.0583,0.0394,0.0452,42158,中证500ETF沽5月2300,351,-1,NAN,0.0914,0,0,0.0583,0.0394,159922P2505M002300,2.3000,0.0452,2.2844
2025-03-27,0.0773,0.0849,0.0593,0.0677,44744,中证500ETF沽5月2350,478,-1,NAN,0.0934,0,0,0.0849,0.0593,159922P2505M002350,2.3500,0.0677,2.3341
2025-03-27,0.1079,0.1159,0.086,0.0965,10104,中证500ETF沽5月2400,149,-1,NAN,0.0953,0,0,0.1159,0.0860,159922P2505M002400,2.4000,0.0965,2.3837
2025-03-27,0.1352,0.1357,0.121,0.1292,1786,中证500ETF沽5月2450,72,-1,NAN,0.0973,0,0,0.1357,0.1210,159922P2505M002450,2.4500,0.1292,2.4334
2025-03-27,0.175,0.1754,0.1577,0.1686,2620,中证500ETF沽5月2500,66,-1,NAN,0.0993,0,0,0.1754,0.1577,159922P2505M002500,2.5000,0.1686,2.4831
2025-03-27,0.1981,0.1983,0.1981,0.1983,244,中证500ETF沽5月2550,24,-1,NAN,0.1013,0,0,0.1983,0.1981,159922P2505M002550,2.5500,0.1983,2.5327
2025-03-27,0.3588,0.3826,0.356,0.3686,59298,50ETF购6月2400,59,0.9837,0.213,-0.109,0.0555,0.0008,0.3826,0.3560,510050C2506M02400,2.4000,0.3686,0.3747
2025-03-27,0.3165,0.3361,0.316,0.3217,86499,50ETF购6月2450A,78,0.9671,0.3843,-0.1217,0.1002,0.0008,0.3361,0.3160,510050C2506A02500,2.4500,0.3217,0.3266
2025-03-27,0.3048,0.3346,0.3048,0.3171,29036,50ETF购6月2450,25,0.9671,0.3843,-0.1217,0.1002,0.0008,0.3346,0.3048,510050C2506M02450,2.4500,0.3171,0.3266
2025-03-27,0.2873,0.2873,0.2873,0.2873,20790,50ETF购6月2499A,15,0.94,0.6236,-0.1383,0.1626,0.1728,0.2873,0.2873,510050C2506A02550,2.4990,0.2873,0.2806
2025-03-27,0.2686,0.2879,0.2686,0.27,50540,50ETF购6月2500,40,0.9393,0.6292,-0.1387,0.1641,0.0008,0.2879,0.2686,510050C2506M02500,2.5000,0.2700,0.2797
2025-03-27,0.219,0.243,0.2184,0.2304,436256,50ETF购6月2550,173,0.8969,0.9397,-0.1588,0.2451,0.1201,0.2430,0.2184,510050C2506M02550,2.5500,0.2304,0.2347
2025-03-27,0.1791,0.2007,0.1751,0.1864,1400128,50ETF购6月2600,379,0.8375,1.2868,-0.1796,0.3356,0.1205,0.2007,0.1751,510050C2506M02600,2.6000,0.1864,0.1924
2025-03-27,0.1092,0.1285,0.108,0.1174,7055223,50ETF购6月2700,1342,0.6704,1.8954,-0.2091,0.4943,0.1356,0.1285,0.1080,510050C2506M02700,2.7000,0.1174,0.1195
2025-03-27,0.0849,0.0995,0.082,0.0902,35444964,50ETF购6月2750,5307,0.5701,2.0566,-0.2112,0.5363,0.1401,0.0995,0.0820,510050C2506M02750,2.7500,0.0902,0.0901
2025-03-27,0.0655,0.0762,0.0621,0.0684,19400743,50ETF购6月2800,4065,0.467,2.0818,-0.2027,0.5429,0.1447,0.0762,0.0621,510050C2506M02800,2.8000,0.0684,0.0658
2025-03-27,0.0454,0.0575,0.0454,0.051,13511691,50ETF购6月2850,3258,0.3678,1.9732,-0.1845,0.5146,0.1487,0.0575,0.0454,510050C2506M02850,2.8500,0.0510,0.0464
2025-03-27,0.0364,0.0435,0.0347,0.0379,8867847,50ETF购6月2900,3836,0.2783,1.7573,-0.1593,0.4583,0.1531,0.0435,0.0347,510050C2506M02900,2.9000,0.0379,0.0317
2025-03-27,0.0277,0.0331,0.0261,0.0288,29578791,50ETF购6月2950,13553,0.2021,1.4751,-0.1305,0.3847,0.1594,0.0331,0.0261,510050C2506M02950,2.9500,0.0288,0.0209
2025-03-27,0.0176,0.0213,0.0167,0.0181,20815751,50ETF购6月3038A,17637,0.1043,0.9475,-0.0812,0.2471,0.1706,0.0213,0.0167,510050C2506A03100,3.0380,0.0181,0.0092
2025-03-27,0.0112,0.0139,0.0107,0.0114,10399815,50ETF购6月3136A,13799,0.0432,0.4803,-0.0401,0.1253,0.184,0.0139,0.0107,510050C2506A03200,3.1360,0.0114,0.0033
2025-03-27,0.0049,0.0049,0.0037,0.0038,1264739,50ETF沽6月2400,5243,-0.0163,0.213,-0.0139,0.0555,0.1711,0.0049,0.0037,510050P2506M02400,2.4000,0.0038,0.0011
2025-03-27,0.0076,0.0076,0.0058,0.006,955009,50ETF沽6月2450,3826,-0.0329,0.3843,-0.0247,0.1002,0.1664,0.0076,0.0058,510050P2506M02450,2.4500,0.0060,0.0025
2025-03-27,0.012,0.012,0.0086,0.009,2352372,50ETF沽6月2499A,5988,-0.06,0.6236,-0.0393,0.1626,0.1606,0.0120,0.0086,510050P2506A02550,2.4990,0.0090,0.0051
2025-03-27,0.0122,0.0122,0.0089,0.0093,3579350,50ETF沽6月2500,7591,-0.0607,0.6292,-0.0397,0.1641,0.1615,0.0122,0.0089,510050P2506M02500,2.5000,0.0093,0.0051
2025-03-27,0.019,0.019,0.0139,0.0149,6614549,50ETF沽6月2550,9799,-0.1031,0.9397,-0.0578,0.2451,0.1593,0.0190,0.0139,510050P2506M02550,2.5500,0.0149,0.0097
2025-03-27,0.0274,0.028,0.0209,0.0229,17640781,50ETF沽6月2600,11667,-0.1625,1.2868,-0.0766,0.3356,0.1568,0.0280,0.0209,510050P2506M02600,2.6000,0.0229,0.0169
2025-03-27,0.0541,0.0567,0.0456,0.0505,2393152,50ETF沽6月2695A,546,-0.32,1.8726,-0.1016,0.4883,0.1586,0.0567,0.0456,510050P2506A02750,2.6950,0.0505,0.0412
2025-03-27,0.0625,0.0625,0.0472,0.0524,13280106,50ETF沽6月2700,2678,-0.3296,1.8954,-0.1022,0.4943,0.1587,0.0625,0.0472,510050P2506M02700,2.7000,0.0524,0.043
2025-03-27,0.0759,0.0804,0.0647,0.0714,6961418,50ETF沽6月2744A,1105,-0.4175,2.0441,-0.1028,0.5331,0.1605,0.0804,0.0647,510050P2506A02800,2.7440,0.0714,0.0604
2025-03-27,0.0836,0.084,0.0675,0.0747,19464407,50ETF沽6月2750,3257,-0.4299,2.0566,-0.1023,0.5363,0.1615,0.0840,0.0675,510050P2506M02750,2.7500,0.0747,0.0631
2025-03-27,0.1425,0.1466,0.1251,0.1348,1560252,50ETF沽6月2850,355,-0.6322,1.9732,-0.0717,0.5146,0.1712,0.1466,0.1251,510050P2506M02850,2.8500,0.1348,0.1185
2025-03-27,0.1744,0.1744,0.1744,0.1744,4639,50ETF沽6月2891A,1,-0.7065,1.8024,-0.0497,0.47,0.1961,0.1744,0.1744,510050P2506A02950,2.8910,0.1744,0.1467
2025-03-27,0.2209,0.2209,0.2014,0.213,134297,50ETF沽6月2950,51,-0.7979,1.4751,-0.0137,0.3847,0.1894,0.2209,0.2014,510050P2506M02950,2.9500,0.2130,0.192
2025-03-27,0.2595,0.2623,0.2439,0.2459,81177,50ETF沽6月3000,45,-0.8591,1.1707,0.0173,0.3053,0.1746,0.2623,0.2439,510050P2506M03000,3.0000,0.2459,0.2339
2025-03-27,0.2945,0.2945,0.2841,0.2885,38371,50ETF沽6月3038A,33,-0.8957,0.9475,0.0391,0.2471,0.2048,0.2945,0.2841,510050P2506A03100,3.0380,0.2885,0.2674
2025-03-27,0.4827,0.485,0.4607,0.4734,70711,50ETF沽6月3234A,42,-0.9845,0.2037,0.1114,0.0531,0.2557,0.4850,0.4607,510050P2506A03300,3.2340,0.4734,0.4533
2025-03-27,0.6662,0.6662,0.6367,0.6367,106,沪深300ETF购6月3500,10,0,NAN,0,0,0,0.6662,0.6367,159919C2506M003500,3.5000,0.6367,0
2025-03-27,0.4689,0.4745,0.4473,0.4473,410,沪深300ETF购6月3700,30,0,NAN,0,0,0,0.4745,0.4473,159919C2506M003700,3.7000,0.4473,0
2025-03-27,0.26,0.298,0.26,0.2757,1610,沪深300ETF购6月3900,95,0,NAN,0,0,0,0.2980,0.2600,159919C2506M003900,3.9000,0.2757,0
2025-03-27,0.1396,0.1589,0.1322,0.1437,12092,沪深300ETF购6月4100,207,0,NAN,0,0,0,0.1589,0.1322,159919C2506M004100,4.1000,0.1437,0
2025-03-27,0.0643,0.0707,0.0618,0.067,9492,沪深300ETF购6月4300,153,0,NAN,0,0,0,0.0707,0.0618,159919C2506M004300,4.3000,0.0670,0
2025-03-27,0.0453,0.0503,0.0423,0.0451,30604,沪深300ETF购6月4400,538,0,NAN,0,0,0,0.0503,0.0423,159919C2506M004400,4.4000,0.0451,0
2025-03-27,0.0318,0.0352,0.0302,0.0312,4944,沪深300ETF购6月4500,135,0,NAN,0,0,0,0.0352,0.0302,159919C2506M004500,4.5000,0.0312,0
2025-03-27,0.0219,0.0255,0.0208,0.0222,32404,沪深300ETF购6月4600,525,0,NAN,0,0,0,0.0255,0.0208,159919C2506M004600,4.6000,0.0222,0
2025-03-27,0.013,0.0152,0.0121,0.0126,69928,沪深300ETF购6月4800,677,0,NAN,0,0,0,0.0152,0.0121,159919C2506M004800,4.8000,0.0126,0
2025-03-27,0.0048,0.0048,0.0038,0.0038,1390,沪深300ETF沽6月3500,82,-1,NAN,0.1386,0,0,0.0048,0.0038,159919P2506M003500,3.5000,0.0038,3.4656
2025-03-27,0.0084,0.0085,0.0064,0.0067,40552,沪深300ETF沽6月3600,324,-1,NAN,0.1426,0,0,0.0085,0.0064,159919P2506M003600,3.6000,0.0067,3.5647
2025-03-27,0.0151,0.0151,0.0116,0.0118,1106,沪深300ETF沽6月3700,62,-1,NAN,0.1465,0,0,0.0151,0.0116,159919P2506M003700,3.7000,0.0118,3.6637
2025-03-27,0.0429,0.0461,0.0339,0.0369,77704,沪深300ETF沽6月3900,710,-1,NAN,0.1545,0,0,0.0461,0.0339,159919P2506M003900,3.9000,0.0369,3.8617
2025-03-27,0.0717,0.0767,0.0577,0.0637,15158,沪深300ETF沽6月4000,269,-1,NAN,0.1584,0,0,0.0767,0.0577,159919P2506M004000,4.0000,0.0637,3.9607
2025-03-27,0.1137,0.1226,0.0945,0.1037,7194,沪深300ETF沽6月4100,135,-1,NAN,0.1624,0,0,0.1226,0.0945,159919P2506M004100,4.1000,0.1037,4.0598
2025-03-27,0.2155,0.2155,0.2155,0.2155,40,沪深300ETF沽6月4300,4,-1,NAN,0.1703,0,0,0.2155,0.2155,159919P2506M004300,4.3000,0.2155,4.2578
2025-03-27,0.3164,0.3238,0.283,0.3034,1680,沪深300ETF沽6月4400,96,-1,NAN,0.1743,0,0,0.3238,0.2830,159919P2506M004400,4.4000,0.3034,4.3568
2025-03-27,0.3661,0.3919,0.3661,0.3887,290,沪深300ETF沽6月4500,25,-1,NAN,0.1782,0,0,0.3919,0.3661,159919P2506M004500,4.5000,0.3887,4.4558
2025-03-27,0.5483,0.5752,0.5483,0.5752,160,沪深300ETF沽6月4700,15,-1,NAN,0.1862,0,0,0.5752,0.5483,159919P2506M004700,4.7000,0.5752,4.6539
2025-03-27,0.7,0.7,0.646,0.67,282,沪深300ETF沽6月4800,13,-1,NAN,0.1901,0,0,0.7000,0.6460,159919P2506M004800,4.8000,0.6700,4.7529
2025-03-27,0.6186,0.6636,0.6186,0.6387,109784,300ETF购6月3400,69,0.9939,0.0594,-0.1439,0.0347,0.0008,0.6636,0.6186,510300C2506M03400,3.4000,0.6387,0.661
2025-03-27,0.3418,0.3661,0.3418,0.3657,246027,300ETF购6月3700,58,0.9097,0.557,-0.228,0.3256,0.1024,0.3661,0.3418,510300C2506M03700,3.7000,0.3657,0.3759
2025-03-27,0.262,0.2947,0.252,0.2779,1524476,300ETF购6月3800,400,0.8343,0.8514,-0.2703,0.4977,0.1172,0.2947,0.2520,510300C2506M03800,3.8000,0.2779,0.2909
2025-03-27,0.1935,0.2174,0.1819,0.199,5550592,300ETF购6月3900,664,0.7303,1.1305,-0.3049,0.6609,0.1206,0.2174,0.1819,510300C2506M03900,3.9000,0.1990,0.2154
2025-03-27,0.1385,0.1556,0.1265,0.1397,16682151,300ETF购6月4000,2770,0.6044,1.3176,-0.3196,0.7703,0.1305,0.1556,0.1265,510300C2506M04000,4.0000,0.1397,0.1518
2025-03-27,0.0956,0.1072,0.0856,0.0944,47400384,300ETF购6月4100,5809,0.47,1.3608,-0.3075,0.7955,0.1374,0.1072,0.0856,510300C2506M04100,4.1000,0.0944,0.1014
2025-03-27,0.0637,0.0725,0.0577,0.0633,32603824,300ETF购6月4200,5708,0.3419,1.2561,-0.2702,0.7343,0.1451,0.0725,0.0577,510300C2506M04200,4.2000,0.0633,0.0641
2025-03-27,0.0295,0.0337,0.0264,0.0288,28228260,300ETF购6月4400,12556,0.1473,0.7879,-0.1594,0.4606,0.1612,0.0337,0.0264,510300C2506M04400,4.4000,0.0288,0.0215
2025-03-27,0.0097,0.0097,0.0074,0.0075,9534396,300ETF沽6月3500,12681,-0.0177,0.1491,-0.0229,0.0872,0.1857,0.0097,0.0074,510300P2506M03500,3.5000,0.0075,0.0019
2025-03-27,0.0144,0.0144,0.0109,0.0115,8599697,300ETF沽6月3600,12269,-0.0431,0.3129,-0.0471,0.1829,0.1733,0.0144,0.0109,510300P2506M03600,3.6000,0.0115,0.0053
2025-03-27,0.0246,0.0253,0.0186,0.0198,23913526,300ETF沽6月3700,15126,-0.0903,0.557,-0.0815,0.3256,0.1661,0.0253,0.0186,510300P2506M03700,3.7000,0.0198,0.0126
2025-03-27,0.0698,0.0745,0.0559,0.0616,29012686,300ETF沽6月3900,5518,-0.2697,1.1305,-0.1505,0.6609,0.1633,0.0745,0.0559,510300P2506M03900,3.9000,0.0616,0.0501
2025-03-27,0.1149,0.1191,0.0918,0.1013,34427954,300ETF沽6月4000,5621,-0.3956,1.3176,-0.1612,0.7703,0.1666,0.1191,0.0918,510300P2506M04000,4.0000,0.1013,0.0855
2025-03-27,0.1678,0.1768,0.1418,0.1556,7635996,300ETF沽6月4100,1353,-0.53,1.3608,-0.1451,0.7955,0.1731,0.1768,0.1418,510300P2506M04100,4.1000,0.1556,0.1342
2025-03-27,0.2428,0.2481,0.2076,0.2238,2758323,300ETF沽6月4200,340,-0.6581,1.2561,-0.1038,0.7343,0.1835,0.2481,0.2076,510300P2506M04200,4.2000,0.2238,0.1959
2025-03-27,0.3208,0.3208,0.2948,0.3022,975018,300ETF沽6月4300,239,-0.7677,1.0444,-0.0466,0.6105,0.1966,0.3208,0.2948,510300P2506M04300,4.3000,0.3022,0.269
2025-03-27,0.414,0.414,0.3816,0.3899,43202,300ETF沽6月4400,8,-0.8527,0.7879,0.0149,0.4606,0.2153,0.4140,0.3816,510300P2506M04400,4.4000,0.3899,0.3513
2025-03-27,0.483,0.487,0.4569,0.4787,134032,300ETF沽6月4500,52,-0.9127,0.543,0.0705,0.3174,0.2301,0.4870,0.4569,510300P2506M04500,4.5000,0.4787,0.4403
2025-03-27,0.593,0.6,0.5487,0.5677,199592,300ETF沽6月4600,149,-0.9516,0.3438,0.115,0.201,0.24,0.6000,0.5487,510300P2506M04600,4.6000,0.5677,0.5336
2025-03-27,0.396,0.396,0.396,0.396,60,深证100ETF购6月2400,10,0,NAN,0,0,0,0.3960,0.3960,159901C2506M002400,2.4000,0.3960,0
2025-03-27,0.3483,0.3483,0.3483,0.3483,10,深证100ETF购6月2450,1,0,NAN,0,0,0,0.3483,0.3483,159901C2506M002450,2.4500,0.3483,0
2025-03-27,0.3139,0.3139,0.3139,0.3139,30,深证100ETF购6月2500,3,0,NAN,0,0,0,0.3139,0.3139,159901C2506M002500,2.5000,0.3139,0
2025-03-27,0.2182,0.2271,0.2182,0.2232,378,深证100ETF购6月2600,36,0,NAN,0,0,0,0.2271,0.2182,159901C2506M002600,2.6000,0.2232,0
2025-03-27,0.0908,0.1061,0.0901,0.0952,4366,深证100ETF购6月2800,72,0,NAN,0,0,0,0.1061,0.0901,159901C2506M002800,2.8000,0.0952,0
2025-03-27,0.0803,0.0803,0.0803,0.0803,100,深证100ETF购6月2850,10,0,NAN,0,0,0,0.0803,0.0803,159901C2506M002850,2.8500,0.0803,0
2025-03-27,0.0581,0.0627,0.0575,0.0627,234,深证100ETF购6月2900,21,0,NAN,0,0,0,0.0627,0.0575,159901C2506M002900,2.9000,0.0627,0
2025-03-27,0.049,0.049,0.0471,0.0471,102,深证100ETF购6月2950,11,0,NAN,0,0,0,0.0490,0.0471,159901C2506M002950,2.9500,0.0471,0
2025-03-27,0.0343,0.0381,0.0337,0.0366,8426,深证100ETF购6月3000,134,0,NAN,0,0,0,0.0381,0.0337,159901C2506M003000,3.0000,0.0366,0
2025-03-27,0.0112,0.0112,0.0088,0.0107,1128,深证100ETF购6月3300,68,0,NAN,0,0,0,0.0112,0.0088,159901C2506M003300,3.3000,0.0107,0
2025-03-27,0.0105,0.0107,0.0086,0.0088,3218,深证100ETF沽6月2400,84,-1,NAN,0.0951,0,0,0.0107,0.0086,159901P2506M002400,2.4000,0.0088,2.3764
2025-03-27,0.0144,0.0147,0.012,0.0124,818,深证100ETF沽6月2450,45,-1,NAN,0.097,0,0,0.0147,0.0120,159901P2506M002450,2.4500,0.0124,2.426
2025-03-27,0.0201,0.0201,0.0171,0.0172,114,深证100ETF沽6月2500,16,-1,NAN,0.099,0,0,0.0201,0.0171,159901P2506M002500,2.5000,0.0172,2.4755
2025-03-27,0.0377,0.0388,0.0308,0.0323,35192,深证100ETF沽6月2600,639,-1,NAN,0.103,0,0,0.0388,0.0308,159901P2506M002600,2.6000,0.0323,2.5745
2025-03-27,0.0515,0.0517,0.0451,0.0455,476,深证100ETF沽6月2650,35,-1,NAN,0.105,0,0,0.0517,0.0451,159901P2506M002650,2.6500,0.0455,2.624
2025-03-27,0.0909,0.0937,0.0768,0.0829,5988,深证100ETF沽6月2750,80,-1,NAN,0.1089,0,0,0.0937,0.0768,159901P2506M002750,2.7500,0.0829,2.723
2025-03-27,0.117,0.117,0.0984,0.1082,4962,深证100ETF沽6月2800,75,-1,NAN,0.1109,0,0,0.1170,0.0984,159901P2506M002800,2.8000,0.1082,2.7725
2025-03-27,0.1377,0.1377,0.1377,0.1377,2,深证100ETF沽6月2850,1,-1,NAN,0.1129,0,0,0.1377,0.1377,159901P2506M002850,2.8500,0.1377,2.822
2025-03-27,0.5362,0.5362,0.5362,0.5362,20,深证100ETF沽6月3300,2,-1,NAN,0.1307,0,0,0.5362,0.5362,159901P2506M003300,3.3000,0.5362,3.2676
2025-03-27,0.6356,0.6362,0.6017,0.6017,674,深证100ETF沽6月3400,46,-1,NAN,0.1347,0,0,0.6362,0.6017,159901P2506M003400,3.4000,0.6017,3.3666
2025-03-27,0.078,0.0923,0.0765,0.0827,1001703,科创板50购6月1000,432,0.7142,2.2258,-0.1316,0.1794,0.1714,0.0923,0.0765,588080C2506M01000,1.0000,0.0827,0.1022
2025-03-27,0.0542,0.0644,0.0518,0.0562,8338327,科创板50购6月1050,2295,0.5894,2.5462,-0.1426,0.2053,0.2092,0.0644,0.0518,588080C2506M01050,1.0500,0.0562,0.0726
2025-03-27,0.0275,0.0318,0.0254,0.0272,9360061,科创板50购6月1150,9691,0.342,2.4044,-0.127,0.1938,0.2629,0.0318,0.0254,588080C2506M01150,1.1500,0.0272,0.0323
2025-03-27,0.021,0.0236,0.0188,0.0198,10829103,科创板50购6月1200,15855,0.2409,2.0398,-0.1059,0.1644,0.2866,0.0236,0.0188,588080C2506M01200,1.2000,0.0198,0.0202
2025-03-27,0.0158,0.018,0.0143,0.0151,5044970,科创板50购6月1250,9588,0.1617,1.6043,-0.0823,0.1293,0.3107,0.0180,0.0143,588080C2506M01250,1.2500,0.0151,0.0122
2025-03-27,0.0046,0.0046,0.0033,0.0035,1210453,科创板50沽6月850,5514,-0.0449,0.6191,-0.0273,0.0499,0.2993,0.0046,0.0033,588080P2506M00850,0.8500,0.0035,0.003
2025-03-27,0.0339,0.0352,0.0256,0.0295,31729118,科创板50沽6月1000,20927,-0.2858,2.2258,-0.092,0.1794,0.2899,0.0352,0.0256,588080P2506M01000,1.0000,0.0295,0.0294
2025-03-27,0.0604,0.0613,0.047,0.0534,11810933,科创板50沽6月1050,3607,-0.4106,2.5462,-0.101,0.2053,0.3094,0.0613,0.0470,588080P2506M01050,1.0500,0.0534,0.0493
2025-03-27,0.0946,0.0954,0.0777,0.0857,3216811,科创板50沽6月1100,1470,-0.5389,2.5997,-0.097,0.2096,0.3374,0.0954,0.0777,588080P2506M01100,1.1000,0.0857,0.0756
2025-03-27,0.1323,0.1347,0.1178,0.1244,1174907,科创板50沽6月1150,383,-0.658,2.4044,-0.0814,0.1938,0.3719,0.1347,0.1178,588080P2506M01150,1.1500,0.1244,0.108
2025-03-27,0.1749,0.1749,0.1749,0.1749,39834,科创板50沽6月1200,9,-0.7591,2.0398,-0.0584,0.1644,0.4502,0.1749,0.1749,588080P2506M01200,1.2000,0.1749,0.1455
2025-03-27,0.2543,0.2543,0.2529,0.2529,9864,科创板50沽6月1300,25,-0.8962,1.1805,-0.0085,0.0952,0.4523,0.2543,0.2529,588080P2506M01300,1.3000,0.2529,0.2314
2025-03-27,0.3078,0.3078,0.3029,0.3029,14900,科创板50沽6月1350,20,-0.9361,0.819,0.0122,0.066,0.5051,0.3078,0.3029,588080P2506M01350,1.3500,0.3029,0.2778
2025-03-27,0.2704,0.296,0.2704,0.282,31300,科创50购6月800,132,0.9894,0.1784,-0.0401,0.0152,0.0008,0.2960,0.2704,588000C2506M00800,0.8000,0.2820,0.3004
2025-03-27,0.2119,0.2404,0.2119,0.2315,65207,科创50购6月850,142,0.9702,0.4315,-0.0539,0.0367,0.0008,0.2404,0.2119,588000C2506M00850,0.8500,0.2315,0.2523
2025-03-27,0.1755,0.2009,0.1755,0.1845,1396317,科创50购6月900,344,0.9313,0.843,-0.0746,0.0718,0.0008,0.2009,0.1755,588000C2506M00900,0.9000,0.1845,0.2059
2025-03-27,0.0699,0.0817,0.0658,0.0725,9854408,科创50购6月1050,3834,0.6603,2.3332,-0.1418,0.1986,0.1951,0.0817,0.0658,588000C2506M01050,1.0500,0.0725,0.0907
2025-03-27,0.0506,0.0581,0.0462,0.052,16025857,科创50购6月1100,7404,0.5357,2.531,-0.1473,0.2155,0.2343,0.0581,0.0462,588000C2506M01100,1.1000,0.0520,0.0639
2025-03-27,0.0261,0.0299,0.0235,0.025,18081964,科创50购6月1200,13048,0.3031,2.225,-0.1233,0.1894,0.2727,0.0299,0.0235,588000C2506M01200,1.2000,0.0250,0.0282
2025-03-27,0.019,0.0224,0.0172,0.0192,16383148,科创50购6月1250,18930,0.212,1.8461,-0.1008,0.1572,0.2993,0.0224,0.0172,588000C2506M01250,1.2500,0.0192,0.0177
2025-03-27,0.0153,0.0172,0.0132,0.0137,14556280,科创50购6月1300,16029,0.1418,1.4301,-0.0772,0.1217,0.313,0.0172,0.0132,588000C2506M01300,1.3000,0.0137,0.0107
2025-03-27,0.0122,0.0141,0.0109,0.011,24998758,科创50购6月1350,25877,0.091,1.0427,-0.0558,0.0888,0.336,0.0141,0.0109,588000C2506M01350,1.3500,0.0110,0.0063
2025-03-27,0.0089,0.0102,0.0073,0.0073,14747688,科创50购6月1400,19633,0.0562,0.7205,-0.0383,0.0613,0.3392,0.0102,0.0073,588000C2506M01400,1.4000,0.0073,0.0036
2025-03-27,0.0018,0.0019,0.0012,0.0014,1246091,科创50沽6月800,4553,-0.0106,0.1784,-0.0084,0.0152,0.3282,0.0019,0.0012,588000P2506M00800,0.8000,0.0014,0.0006
2025-03-27,0.0033,0.0033,0.002,0.0026,3630781,科创50沽6月850,7612,-0.0298,0.4315,-0.0202,0.0367,0.3067,0.0033,0.0020,588000P2506M00850,0.8500,0.0026,0.0019
2025-03-27,0.0056,0.0056,0.0035,0.0041,3256020,科创50沽6月900,6079,-0.0687,0.843,-0.0389,0.0718,0.2759,0.0056,0.0035,588000P2506M00900,0.9000,0.0041,0.005
2025-03-27,0.0118,0.0118,0.0075,0.0092,12345323,科创50沽6月950,13788,-0.1336,1.3732,-0.0623,0.1169,0.2711,0.0118,0.0075,588000P2506M00950,0.9500,0.0092,0.0113
2025-03-27,0.024,0.0245,0.0167,0.0193,35959892,科创50沽6月1000,23551,-0.2258,1.9143,-0.0849,0.163,0.2725,0.0245,0.0167,588000P2506M01000,1.0000,0.0193,0.022
2025-03-27,0.0459,0.0462,0.0342,0.0385,34612508,科创50沽6月1050,14066,-0.3397,2.3332,-0.1002,0.1986,0.2898,0.0462,0.0342,588000P2506M01050,1.0500,0.0385,0.0384
2025-03-27,0.076,0.0762,0.0604,0.0679,14579696,科创50沽6月1100,5773,-0.4643,2.531,-0.1038,0.2155,0.321,0.0762,0.0604,588000P2506M01100,1.1000,0.0679,0.0611
2025-03-27,0.1108,0.1123,0.0935,0.1027,4348726,科创50沽6月1150,1675,-0.5869,2.4807,-0.0947,0.2112,0.3494,0.1123,0.0935,588000P2506M01150,1.1500,0.1027,0.09
2025-03-27,0.1537,0.1537,0.1314,0.1434,2920724,科创50沽6月1200,974,-0.6969,2.225,-0.0758,0.1894,0.3858,0.1537,0.1314,588000P2506M01200,1.2000,0.1434,0.1244
2025-03-27,0.1977,0.1977,0.1789,0.1865,185709,科创50沽6月1250,122,-0.788,1.8461,-0.0513,0.1572,0.4202,0.1977,0.1789,588000P2506M01250,1.2500,0.1865,0.1634
2025-03-27,0.2539,0.2539,0.2224,0.2316,49852,科创50沽6月1300,85,-0.8582,1.4301,-0.0257,0.1217,0.455,0.2539,0.2224,588000P2506M01300,1.3000,0.2316,0.2059
2025-03-27,0.343,0.37,0.3295,0.3478,3104,创业板ETF购6月1750,66,0,NAN,0,0,0,0.3700,0.3295,159915C2506M001750,1.7500,0.3478,0
2025-03-27,0.288,0.314,0.2824,0.312,5108,创业板ETF购6月1800,170,0,NAN,0,0,0,0.3140,0.2824,159915C2506M001800,1.8000,0.3120,0
2025-03-27,0.2502,0.2702,0.2502,0.262,2672,创业板ETF购6月1850,115,0,NAN,0,0,0,0.2702,0.2502,159915C2506M001850,1.8500,0.2620,0
2025-03-27,0.1701,0.1941,0.1601,0.1777,1000,创业板ETF购6月1950,40,0,NAN,0,0,0,0.1941,0.1601,159915C2506M001950,1.9500,0.1777,0
2025-03-27,0.1128,0.1252,0.1019,0.1116,40944,创业板ETF购6月2050,277,0,NAN,0,0,0,0.1252,0.1019,159915C2506M002050,2.0500,0.1116,0
2025-03-27,0.0882,0.098,0.0777,0.0865,891820,创业板ETF购6月2100,2141,0,NAN,0,0,0,0.0980,0.0777,159915C2506M002100,2.1000,0.0865,0
2025-03-27,0.069,0.0768,0.06,0.0666,573028,创业板ETF购6月2150,1376,0,NAN,0,0,0,0.0768,0.0600,159915C2506M002150,2.1500,0.0666,0
2025-03-27,0.0417,0.0466,0.0369,0.0382,422938,创业板ETF购6月2250,1477,0,NAN,0,0,0,0.0466,0.0369,159915C2506M002250,2.2500,0.0382,0
2025-03-27,0.0332,0.037,0.029,0.0299,853304,创业板ETF购6月2300,1917,0,NAN,0,0,0,0.0370,0.0290,159915C2506M002300,2.3000,0.0299,0
2025-03-27,0.027,0.0299,0.0235,0.0251,335050,创业板ETF购6月2350,1501,0,NAN,0,0,0,0.0299,0.0235,159915C2506M002350,2.3500,0.0251,0
2025-03-27,0.0218,0.024,0.0185,0.0202,1111272,创业板ETF购6月2400,2960,0,NAN,0,0,0,0.0240,0.0185,159915C2506M002400,2.4000,0.0202,0
2025-03-27,0.0184,0.0199,0.0157,0.0167,202098,创业板ETF购6月2450,1138,0,NAN,0,0,0,0.0199,0.0157,159915C2506M002450,2.4500,0.0167,0
2025-03-27,0.0138,0.0166,0.013,0.0138,706168,创业板ETF购6月2500,2506,0,NAN,0,0,0,0.0166,0.0130,159915C2506M002500,2.5000,0.0138,0
2025-03-27,0.013,0.0143,0.011,0.0115,2373872,创业板ETF购6月2550,4784,0,NAN,0,0,0,0.0143,0.0110,159915C2506M002550,2.5500,0.0115,0
2025-03-27,0.0079,0.0079,0.0062,0.0066,342116,创业板ETF沽6月1750,1982,-1,NAN,0.0693,0,0,0.0079,0.0062,159915P2506M001750,1.7500,0.0066,1.7328
2025-03-27,0.0116,0.0116,0.0092,0.0096,370592,创业板ETF沽6月1800,1782,-1,NAN,0.0713,0,0,0.0116,0.0092,159915P2506M001800,1.8000,0.0096,1.7823
2025-03-27,0.016,0.0172,0.0132,0.0142,770998,创业板ETF沽6月1850,2255,-1,NAN,0.0733,0,0,0.0172,0.0132,159915P2506M001850,1.8500,0.0142,1.8318
2025-03-27,0.0243,0.0265,0.02,0.0218,1385468,创业板ETF沽6月1900,2761,-1,NAN,0.0753,0,0,0.0265,0.0200,159915P2506M001900,1.9000,0.0218,1.8814
2025-03-27,0.0361,0.0392,0.0288,0.0307,488226,创业板ETF沽6月1950,1679,-1,NAN,0.0772,0,0,0.0392,0.0288,159915P2506M001950,1.9500,0.0307,1.9309
2025-03-27,0.0515,0.0562,0.0416,0.0452,774850,创业板ETF沽6月2000,1475,-1,NAN,0.0792,0,0,0.0562,0.0416,159915P2506M002000,2.0000,0.0452,1.9804
2025-03-27,0.0731,0.0783,0.0585,0.0679,391368,创业板ETF沽6月2050,1168,-1,NAN,0.0812,0,0,0.0783,0.0585,159915P2506M002050,2.0500,0.0679,2.0299
2025-03-27,0.0982,0.1067,0.081,0.0901,1378152,创业板ETF沽6月2100,2210,-1,NAN,0.0832,0,0,0.1067,0.0810,159915P2506M002100,2.1000,0.0901,2.0794
2025-03-27,0.1314,0.1389,0.1084,0.1215,551958,创业板ETF沽6月2150,1239,-1,NAN,0.0852,0,0,0.1389,0.1084,159915P2506M002150,2.1500,0.1215,2.1289
2025-03-27,0.1629,0.1742,0.143,0.1578,50318,创业板ETF沽6月2200,658,-1,NAN,0.0871,0,0,0.1742,0.1430,159915P2506M002200,2.2000,0.1578,2.1784
2025-03-27,0.213,0.213,0.1877,0.193,854,创业板ETF沽6月2250,70,-1,NAN,0.0891,0,0,0.2130,0.1877,159915P2506M002250,2.2500,0.1930,2.2279
2025-03-27,0.248,0.2506,0.2202,0.2338,1376,创业板ETF沽6月2300,53,-1,NAN,0.0911,0,0,0.2506,0.2202,159915P2506M002300,2.3000,0.2338,2.2774
2025-03-27,0.3,0.3,0.268,0.279,562,创业板ETF沽6月2350,37,-1,NAN,0.0931,0,0,0.3000,0.2680,159915P2506M002350,2.3500,0.2790,2.3269
2025-03-27,0.374,0.3863,0.3561,0.374,418,创业板ETF沽6月2450,22,-1,NAN,0.097,0,0,0.3863,0.3561,159915P2506M002450,2.4500,0.3740,2.426
2025-03-27,0.4128,0.4128,0.4128,0.4128,6,创业板ETF沽6月2500,1,-1,NAN,0.099,0,0,0.4128,0.4128,159915P2506M002500,2.5000,0.4128,2.4755
2025-03-27,1.0716,1.1694,1.0656,1.1362,33933,500ETF购6月4722A,21,0.995,0.0253,-0.2024,0.0426,0.0008,1.1694,1.0656,510500C2506A04800,4.7220,1.1362,1.2813
2025-03-27,1.002,1.0558,0.9771,1.0385,97947,500ETF购6月4820A,32,0.9909,0.0429,-0.2169,0.0723,0.0008,1.0558,0.9771,510500C2506A04900,4.8200,1.0385,1.1851
2025-03-27,0.9,0.975,0.88,0.95,19207,500ETF购6月4919A,13,0.9842,0.0693,-0.2366,0.1169,0.0008,0.9750,0.8800,510500C2506A05000,4.9190,0.9500,1.0886
2025-03-27,0.8218,0.8809,0.8,0.88,74912,500ETF购6月5000,25,0.9761,0.0986,-0.2571,0.1662,0.0008,0.8809,0.8000,510500C2506M05000,5.0000,0.8800,1.0104
2025-03-27,0.67,0.76,0.65,0.7286,13796,500ETF购6月5165A,4,0.9495,0.1823,-0.3121,0.3073,0.0008,0.7600,0.6500,510500C2506A05250,5.1650,0.7286,0.8542
2025-03-27,0.6233,0.6675,0.5759,0.637,128866,500ETF购6月5250,38,0.9292,0.2377,-0.3468,0.4006,0.0008,0.6675,0.5759,510500C2506M05250,5.2500,0.6370,0.7761
2025-03-27,0.456,0.456,0.456,0.456,5139,500ETF购6月5411A,1,0.8758,0.3597,-0.4201,0.6062,0.0008,0.4560,0.4560,510500C2506A05500,5.4110,0.4560,0.6347
2025-03-27,0.4255,0.468,0.38,0.4344,1103550,500ETF购6月5500,186,0.8373,0.4317,-0.4612,0.7274,0.0008,0.4680,0.3800,510500C2506M05500,5.5000,0.4344,0.5612
2025-03-27,0.3173,0.3509,0.2809,0.3219,1276308,500ETF购6月5657A,141,0.7547,0.5521,-0.5256,0.9304,0.0008,0.3509,0.2809,510500C2506A05750,5.6570,0.3219,0.4415
2025-03-27,0.2626,0.2949,0.2255,0.2677,11691766,500ETF购6月5750,982,0.6981,0.612,-0.5541,1.0313,0.0609,0.2949,0.2255,510500C2506M05750,5.7500,0.2677,0.3776
2025-03-27,0.1861,0.2103,0.1579,0.1893,7585888,500ETF购6月5903A,741,0.5965,0.6795,-0.5781,1.1452,0.1079,0.2103,0.1579,510500C2506A06000,5.9030,0.1893,0.2849
2025-03-27,0.148,0.1677,0.125,0.1516,39024469,500ETF购6月6000,3610,0.5295,0.6982,-0.5765,1.1767,0.1222,0.1677,0.1250,510500C2506M06000,6.0000,0.1516,0.2345
2025-03-27,0.1042,0.1175,0.087,0.1045,8027068,500ETF购6月6149A,719,0.4276,0.6886,-0.5484,1.1604,0.136,0.1175,0.0870,510500C2506A06250,6.1490,0.1045,0.1695
2025-03-27,0.0578,0.0649,0.0473,0.0572,13608039,500ETF购6月6394A,1976,0.2773,0.588,-0.4495,0.9909,0.1548,0.0649,0.0473,510500C2506A06500,6.3940,0.0572,0.093
2025-03-27,0.0455,0.0509,0.0371,0.0448,23892571,500ETF购6月6500,4463,0.2228,0.5235,-0.3949,0.8821,0.1625,0.0509,0.0371,510500C2506M06500,6.5000,0.0448,0.0698
2025-03-27,0.0333,0.0378,0.0274,0.0324,20927482,500ETF购6月6640A,7369,0.1622,0.4308,-0.3204,0.7261,0.1716,0.0378,0.0274,510500C2506A06750,6.6400,0.0324,0.0468
2025-03-27,0.0263,0.0305,0.0218,0.0255,22163599,500ETF购6月6750,10120,0.1236,0.3584,-0.2641,0.6041,0.1787,0.0305,0.0218,510500C2506M06750,6.7500,0.0255,0.0335
2025-03-27,0.0203,0.0236,0.017,0.0192,12097630,500ETF购6月6886A,9210,0.086,0.2755,-0.201,0.4644,0.1872,0.0236,0.0170,510500C2506A07000,6.8860,0.0192,0.0217
2025-03-27,0.0163,0.0193,0.0138,0.0153,4734574,500ETF购6月7000,6062,0.0621,0.2148,-0.1556,0.362,0.1941,0.0193,0.0138,510500C2506M07000,7.0000,0.0153,0.0148
2025-03-27,0.0133,0.0157,0.0113,0.0123,16003108,500ETF购6月7132A,14914,0.0416,0.1561,-0.1123,0.263,0.2031,0.0157,0.0113,510500C2506A07250,7.1320,0.0123,0.0093
2025-03-27,0.0112,0.0132,0.0094,0.0098,3633478,500ETF购6月7250,7717,0.0284,0.1143,-0.0818,0.1926,0.2094,0.0132,0.0094,510500C2506M07250,7.2500,0.0098,0.006
2025-03-27,0.0108,0.012,0.0088,0.0112,8873920,500ETF购6月7378A,11822,0.0184,0.0793,-0.0565,0.1337,0.2305,0.0120,0.0088,510500C2506A07500,7.3780,0.0112,0.0037
2025-03-27,0.0063,0.0068,0.005,0.005,2695003,500ETF沽6月4722A,6779,-0.005,0.0253,-0.0154,0.0426,0.2407,0.0068,0.0050,510500P2506A04800,4.7220,0.0050,0.0009
2025-03-27,0.0086,0.0095,0.0071,0.0072,2932236,500ETF沽6月4820A,7198,-0.0091,0.0429,-0.026,0.0723,0.2367,0.0095,0.0071,510500P2506A04900,4.8200,0.0072,0.0018
2025-03-27,0.0113,0.0126,0.0092,0.0096,8018409,500ETF沽6月4900,10662,-0.0142,0.0635,-0.0383,0.107,0.2334,0.0126,0.0092,510500P2506M04900,4.9000,0.0096,0.0029
2025-03-27,0.0157,0.0176,0.0125,0.0132,9766573,500ETF沽6月5000,13298,-0.0239,0.0986,-0.0591,0.1662,0.2279,0.0176,0.0125,510500P2506M05000,5.0000,0.0132,0.0053
2025-03-27,0.0262,0.0312,0.022,0.0234,7467649,500ETF沽6月5165A,4326,-0.0505,0.1823,-0.1075,0.3073,0.2225,0.0312,0.0220,510500P2506A05250,5.1650,0.0234,0.0125
2025-03-27,0.0343,0.0415,0.0291,0.0315,23845324,500ETF沽6月5250,9216,-0.0708,0.2377,-0.1389,0.4006,0.2209,0.0415,0.0291,510500P2506M05250,5.2500,0.0315,0.0186
2025-03-27,0.0579,0.0708,0.0493,0.0546,11908483,500ETF沽6月5411A,2753,-0.1242,0.3597,-0.2058,0.6062,0.2201,0.0708,0.0493,510500P2506A05500,5.4110,0.0546,0.0366
2025-03-27,0.0781,0.0941,0.0652,0.0734,44313147,500ETF沽6月5500,5487,-0.1627,0.4317,-0.2434,0.7274,0.2215,0.0941,0.0652,510500P2506M05500,5.5000,0.0734,0.0512
2025-03-27,0.1248,0.1482,0.1044,0.1191,12263899,500ETF沽6月5657A,1166,-0.2453,0.5521,-0.3016,0.9304,0.2261,0.1482,0.1044,510500P2506A05750,5.6570,0.1191,0.087
2025-03-27,0.1632,0.1918,0.1367,0.1542,41972541,500ETF沽6月5750,3637,-0.3019,0.612,-0.3264,1.0313,0.2298,0.1918,0.1367,510500P2506M05750,5.7500,0.1542,0.1152
2025-03-27,0.2384,0.2743,0.2054,0.2279,7677470,500ETF沽6月5903A,734,-0.4035,0.6795,-0.3443,1.1452,0.2396,0.2743,0.2054,510500P2506A06000,5.9030,0.2279,0.174
2025-03-27,0.2967,0.3383,0.2587,0.2852,26410412,500ETF沽6月6000,2524,-0.4705,0.6982,-0.3388,1.1767,0.2484,0.3383,0.2587,510500P2506M06000,6.0000,0.2852,0.2196
2025-03-27,0.3776,0.4096,0.3666,0.3887,685829,500ETF沽6月6149A,81,-0.5724,0.6886,-0.3049,1.1604,0.2667,0.4096,0.3666,510500P2506A06250,6.1490,0.3887,0.3021
2025-03-27,0.4523,0.5285,0.4333,0.4673,4757910,500ETF沽6月6250,498,-0.6378,0.6579,-0.2665,1.1087,0.2815,0.5285,0.4333,510500P2506M06250,6.2500,0.4673,0.3663
2025-03-27,0.5905,0.5936,0.5889,0.5889,9723,500ETF沽6月6394A,3,-0.7227,0.588,-0.1962,0.9909,0.3057,0.5936,0.5889,510500P2506A06500,6.3940,0.5889,0.4682
2025-03-27,0.9398,0.978,0.888,0.895,42955,500ETF沽6月6750,17,-0.8764,0.3584,0.0033,0.6041,0.3509,0.9780,0.8880,510500P2506M06750,6.7500,0.8950,0.7612
2025-03-27,0.4668,0.4668,0.4151,0.4541,776,中证500ETF购6月1895A,50,0,NAN,0,0,0,0.4668,0.4151,159922C2506M005000A,1.8950,0.4541,0
2025-03-27,0.4085,0.4085,0.372,0.4005,26,中证500ETF购6月1950,3,0,NAN,0,0,0,0.4085,0.3720,159922C2506M001950,1.9500,0.4005,0
2025-03-27,0.3724,0.3724,0.34,0.3624,144,中证500ETF购6月1990A,13,0,NAN,0,0,0,0.3724,0.3400,159922C2506M005250A,1.9900,0.3624,0
2025-03-27,0.3609,0.3609,0.3243,0.3528,80,中证500ETF购6月2000,8,0,NAN,0,0,0,0.3609,0.3243,159922C2506M002000,2.0000,0.3528,0
2025-03-27,0.3114,0.3114,0.2811,0.3061,134,中证500ETF购6月2050,11,0,NAN,0,0,0,0.3114,0.2811,159922C2506M002050,2.0500,0.3061,0
2025-03-27,0.2754,0.2754,0.2478,0.2743,56,中证500ETF购6月2085A,5,0,NAN,0,0,0,0.2754,0.2478,159922C2506M005500A,2.0850,0.2743,0
2025-03-27,0.2639,0.2639,0.2639,0.2639,14,中证500ETF购6月2100,2,0,NAN,0,0,0,0.2639,0.2639,159922C2506M002100,2.1000,0.2639,0
2025-03-27,0.2169,0.2183,0.2088,0.2183,130,中证500ETF购6月2150,13,0,NAN,0,0,0,0.2183,0.2088,159922C2506M002150,2.1500,0.2183,0
2025-03-27,0.1388,0.1428,0.126,0.1411,250,中证500ETF购6月2250,21,0,NAN,0,0,0,0.1428,0.1260,159922C2506M002250,2.2500,0.1411,0
2025-03-27,0.0802,0.0873,0.0685,0.0834,31590,中证500ETF购6月2350,588,0,NAN,0,0,0,0.0873,0.0685,159922C2506M002350,2.3500,0.0834,0
2025-03-27,0.0731,0.0803,0.0624,0.0749,4062,中证500ETF购6月2369A,140,0,NAN,0,0,0,0.0803,0.0624,159922C2506M006250A,2.3690,0.0749,0
2025-03-27,0.0604,0.0687,0.0513,0.0627,13276,中证500ETF购6月2400,274,0,NAN,0,0,0,0.0687,0.0513,159922C2506M002400,2.4000,0.0627,0
2025-03-27,0.0419,0.0439,0.0355,0.0439,1746,中证500ETF购6月2464A,74,0,NAN,0,0,0,0.0439,0.0355,159922C2506M006500A,2.4640,0.0439,0
2025-03-27,0.0335,0.0379,0.0284,0.0346,104012,中证500ETF购6月2500,989,0,NAN,0,0,0,0.0379,0.0284,159922C2506M002500,2.5000,0.0346,0
2025-03-27,0.0251,0.0262,0.0214,0.0262,5342,中证500ETF购6月2550,167,0,NAN,0,0,0,0.0262,0.0214,159922C2506M002550,2.5500,0.0262,0
2025-03-27,0.0223,0.0251,0.0211,0.0251,4788,中证500ETF购6月2558A,130,0,NAN,0,0,0,0.0251,0.0211,159922C2506M006750A,2.5580,0.0251,0
2025-03-27,0.0144,0.0165,0.0122,0.0148,19472,中证500ETF购6月2650,336,0,NAN,0,0,0,0.0165,0.0122,159922C2506M002650,2.6500,0.0148,0
2025-03-27,0.0133,0.0162,0.0121,0.0146,97036,中证500ETF购6月2653A,831,0,NAN,0,0,0,0.0162,0.0121,159922C2506M007000A,2.6530,0.0146,0
2025-03-27,0.0086,0.0104,0.0075,0.0095,140228,中证500ETF购6月2748A,1150,0,NAN,0,0,0,0.0104,0.0075,159922C2506M007250A,2.7480,0.0095,0
2025-03-27,0.0061,0.0067,0.0048,0.0061,32474,中证500ETF购6月2843A,467,0,NAN,0,0,0,0.0067,0.0048,159922C2506M007500A,2.8430,0.0061,0
2025-03-27,0.0048,0.0053,0.0038,0.0045,83470,中证500ETF购6月2937A,908,0,NAN,0,0,0,0.0053,0.0038,159922C2506M007750A,2.9370,0.0045,0
2025-03-27,0.0029,0.0031,0.0026,0.0027,16122,中证500ETF沽6月1895A,338,-1,NAN,0.0751,0,0,0.0031,0.0026,159922P2506M005000A,1.8950,0.0027,1.8764
2025-03-27,0.0047,0.0047,0.0043,0.0043,1098,中证500ETF沽6月1950,72,-1,NAN,0.0772,0,0,0.0047,0.0043,159922P2506M001950,1.9500,0.0043,1.9309
2025-03-27,0.0068,0.0068,0.0058,0.0058,8386,中证500ETF沽6月1990A,220,-1,NAN,0.0788,0,0,0.0068,0.0058,159922P2506M005250A,1.9900,0.0058,1.9705
2025-03-27,0.0073,0.0073,0.0064,0.0065,460,中证500ETF沽6月2000,34,-1,NAN,0.0792,0,0,0.0073,0.0064,159922P2506M002000,2.0000,0.0065,1.9804
2025-03-27,0.011,0.0114,0.009,0.0098,2908,中证500ETF沽6月2050,61,-1,NAN,0.0812,0,0,0.0114,0.0090,159922P2506M002050,2.0500,0.0098,2.0299
2025-03-27,0.0146,0.0158,0.0121,0.0129,1170,中证500ETF沽6月2085A,46,-1,NAN,0.0826,0,0,0.0158,0.0121,159922P2506M005500A,2.0850,0.0129,2.0645
2025-03-27,0.0162,0.0181,0.0135,0.0148,42362,中证500ETF沽6月2100,688,-1,NAN,0.0832,0,0,0.0181,0.0135,159922P2506M002100,2.1000,0.0148,2.0794
2025-03-27,0.0251,0.0267,0.0196,0.0216,10272,中证500ETF沽6月2150,242,-1,NAN,0.0852,0,0,0.0267,0.0196,159922P2506M002150,2.1500,0.0216,2.1289
2025-03-27,0.031,0.0331,0.0252,0.0277,3944,中证500ETF沽6月2179A,158,-1,NAN,0.0863,0,0,0.0331,0.0252,159922P2506M005750A,2.1790,0.0277,2.1576
2025-03-27,0.0516,0.0516,0.0426,0.0466,2356,中证500ETF沽6月2250,61,-1,NAN,0.0891,0,0,0.0516,0.0426,159922P2506M002250,2.2500,0.0466,2.2279
2025-03-27,0.0625,0.0661,0.0512,0.0563,954,中证500ETF沽6月2274A,65,-1,NAN,0.0901,0,0,0.0661,0.0512,159922P2506M006000A,2.2740,0.0563,2.2517
2025-03-27,0.0716,0.079,0.0582,0.0658,14528,中证500ETF沽6月2300,373,-1,NAN,0.0911,0,0,0.0790,0.0582,159922P2506M002300,2.3000,0.0658,2.2774
2025-03-27,0.1049,0.1049,0.0901,0.1005,1376,中证500ETF沽6月2369A,80,-1,NAN,0.0938,0,0,0.1049,0.0901,159922P2506M006250A,2.3690,0.1005,2.3457
2025-03-27,0.1698,0.1698,0.145,0.1519,1084,中证500ETF沽6月2450,63,-1,NAN,0.097,0,0,0.1698,0.1450,159922P2506M002450,2.4500,0.1519,2.426
2025-03-27,0.1847,0.1847,0.1847,0.1847,50,中证500ETF沽6月2500,5,-1,NAN,0.099,0,0,0.1847,0.1847,159922P2506M002500,2.5000,0.1847,2.4755
2025-03-27,0.2687,0.2688,0.2683,0.2686,260,中证500ETF沽6月2600,20,-1,NAN,0.103,0,0,0.2688,0.2683,159922P2506M002600,2.6000,0.2686,2.5745
2025-03-27,0.317,0.317,0.317,0.317,50,中证500ETF沽6月2653A,5,-1,NAN,0.1051,0,0,0.3170,0.3170,159922P2506M007000A,2.6530,0.3170,2.627
2025-03-27,0.4062,0.4062,0.4062,0.4062,50,中证500ETF沽6月2748A,5,-1,NAN,0.1088,0,0,0.4062,0.4062,159922P2506M007250A,2.7480,0.4062,2.721
2025-03-27,0.493,0.493,0.493,0.493,50,中证500ETF沽6月2843A,5,-1,NAN,0.1126,0,0,0.4930,0.4930,159922P2506M007500A,2.8430,0.4930,2.8151
2025-03-27,0.5902,0.5902,0.5902,0.5902,6,中证500ETF沽6月2937A,1,-1,NAN,0.1163,0,0,0.5902,0.5902,159922P2506M007750A,2.9370,0.5902,2.9082
2025-03-27,0.2979,0.3146,0.2979,0.3075,20937,50ETF购9月2500,24,0.8885,0.7012,-0.137,0.3678,0.1189,0.3146,0.2979,510050C2509M02500,2.5000,0.3075,0.3144
2025-03-27,0.2183,0.2399,0.2183,0.233,77649,50ETF购9月2600,56,0.7939,1.0523,-0.1558,0.5519,0.138,0.2399,0.2183,510050C2509M02600,2.6000,0.2330,0.234
2025-03-27,0.187,0.208,0.186,0.198,216929,50ETF购9月2650,160,0.7346,1.2103,-0.1624,0.6348,0.1398,0.2080,0.1860,510050C2509M02650,2.6500,0.1980,0.1981
2025-03-27,0.1319,0.15,0.1319,0.1417,1312250,50ETF购9月2750,676,0.599,1.4275,-0.166,0.7487,0.1473,0.1500,0.1319,510050C2509M02750,2.7500,0.1417,0.1361
2025-03-27,0.11,0.1252,0.11,0.1197,669529,50ETF购9月2800,626,0.527,1.4696,-0.1622,0.7708,0.1519,0.1252,0.1100,510050C2509M02800,2.8000,0.1197,0.1104
2025-03-27,0.0908,0.1051,0.0908,0.099,480590,50ETF购9月2850,465,0.4554,1.4638,-0.1548,0.7677,0.1538,0.1051,0.0908,510050C2509M02850,2.8500,0.0990,0.0883
2025-03-27,0.08,0.0872,0.0777,0.0802,529267,50ETF购9月2900,866,0.3864,1.4129,-0.1442,0.741,0.1542,0.0872,0.0777,510050C2509M02900,2.9000,0.0802,0.0695
2025-03-27,0.0618,0.0715,0.0618,0.0656,674236,50ETF购9月2950,1016,0.322,1.3238,-0.1312,0.6943,0.1564,0.0715,0.0618,510050C2509M02950,2.9500,0.0656,0.0539
2025-03-27,0.015,0.0151,0.0133,0.0136,32067,50ETF沽9月2400,367,-0.0512,0.3883,-0.0228,0.2037,0.1695,0.0151,0.0133,510050P2509M02400,2.4000,0.0136,0.006
2025-03-27,0.0217,0.0217,0.0189,0.0189,71870,50ETF沽9月2450,598,-0.0773,0.5348,-0.0307,0.2805,0.1675,0.0217,0.0189,510050P2509M02450,2.4500,0.0189,0.0098
2025-03-27,0.0423,0.0423,0.0365,0.0379,341360,50ETF沽9月2550,767,-0.1545,0.8779,-0.047,0.4605,0.1699,0.0423,0.0365,510050P2509M02550,2.5500,0.0379,0.0228
2025-03-27,0.0584,0.0584,0.0494,0.0505,271565,50ETF沽9月2600,488,-0.2061,1.0523,-0.0538,0.5519,0.17,0.0584,0.0494,510050P2509M02600,2.6000,0.0505,0.033
2025-03-27,0.0749,0.0749,0.0644,0.0662,100987,50ETF沽9月2650,275,-0.2654,1.2103,-0.0585,0.6348,0.1707,0.0749,0.0644,510050P2509M02650,2.6500,0.0662,0.046
2025-03-27,0.0928,0.094,0.083,0.0866,410128,50ETF沽9月2700,466,-0.3311,1.3389,-0.0601,0.7022,0.1739,0.0940,0.0830,510050P2509M02700,2.7000,0.0866,0.0623
2025-03-27,0.1412,0.1412,0.1294,0.1364,177778,50ETF沽9月2800,373,-0.473,1.4696,-0.0524,0.7708,0.1801,0.1412,0.1294,510050P2509M02800,2.8000,0.1364,0.1054
2025-03-27,0.1694,0.1699,0.1595,0.1649,51365,50ETF沽9月2850,86,-0.5446,1.4638,-0.0431,0.7677,0.1822,0.1699,0.1595,510050P2509M02850,2.8500,0.1649,0.1323
2025-03-27,0.2021,0.203,0.1899,0.1986,41875,50ETF沽9月2900,57,-0.6136,1.4129,-0.0305,0.741,0.1878,0.2030,0.1899,510050P2509M02900,2.9000,0.1986,0.1626
2025-03-27,0.2379,0.2379,0.2241,0.2327,48888,50ETF沽9月2950,62,-0.678,1.3238,-0.0155,0.6943,0.1909,0.2379,0.2241,510050P2509M02950,2.9500,0.2327,0.196
2025-03-27,0.2808,0.2811,0.2605,0.27,28196,50ETF沽9月3000,48,-0.7366,1.2057,0.0011,0.6324,0.1957,0.2811,0.2605,510050P2509M03000,3.0000,0.2700,0.2323
2025-03-27,0.5116,0.5116,0.5116,0.5116,50,沪深300ETF购9月3700,5,0,NAN,0,0,0,0.5116,0.5116,159919C2509M003700,3.7000,0.5116,0
2025-03-27,0.3999,0.4314,0.3999,0.4127,152,沪深300ETF购9月3800,12,0,NAN,0,0,0,0.4314,0.3999,159919C2509M003800,3.8000,0.4127,0
2025-03-27,0.3359,0.3576,0.3233,0.3542,1284,沪深300ETF购9月3900,58,0,NAN,0,0,0,0.3576,0.3233,159919C2509M003900,3.9000,0.3542,0
2025-03-27,0.2688,0.2913,0.2688,0.2714,1328,沪深300ETF购9月4000,74,0,NAN,0,0,0,0.2913,0.2688,159919C2509M004000,4.0000,0.2714,0
2025-03-27,0.2045,0.2242,0.2045,0.2178,528,沪深300ETF购9月4100,38,0,NAN,0,0,0,0.2242,0.2045,159919C2509M004100,4.1000,0.2178,0
2025-03-27,0.1621,0.1842,0.1621,0.1718,70040,沪深300ETF购9月4200,1226,0,NAN,0,0,0,0.1842,0.1621,159919C2509M004200,4.2000,0.1718,0
2025-03-27,0.1331,0.1411,0.1326,0.1327,1616,沪深300ETF购9月4300,207,0,NAN,0,0,0,0.1411,0.1326,159919C2509M004300,4.3000,0.1327,0
2025-03-27,0.1041,0.1138,0.1001,0.1051,1816,沪深300ETF购9月4400,88,0,NAN,0,0,0,0.1138,0.1001,159919C2509M004400,4.4000,0.1051,0
2025-03-27,0.0784,0.0817,0.0784,0.0817,210,沪深300ETF购9月4500,16,0,NAN,0,0,0,0.0817,0.0784,159919C2509M004500,4.5000,0.0817,0
2025-03-27,0.0632,0.0676,0.0615,0.0632,12924,沪深300ETF购9月4600,244,0,NAN,0,0,0,0.0676,0.0615,159919C2509M004600,4.6000,0.0632,0
2025-03-27,0.0283,0.0283,0.024,0.0247,14294,沪深300ETF沽9月3600,289,-1,NAN,0.1412,0,0,0.0283,0.0240,159919P2509M003600,3.6000,0.0247,3.5293
2025-03-27,0.041,0.041,0.0368,0.0369,384,沪深300ETF沽9月3700,20,-1,NAN,0.1451,0,0,0.0410,0.0368,159919P2509M003700,3.7000,0.0369,3.6273
2025-03-27,0.0874,0.0894,0.0798,0.0824,1258,沪深300ETF沽9月3900,62,-1,NAN,0.1529,0,0,0.0894,0.0798,159919P2509M003900,3.9000,0.0824,3.8234
2025-03-27,0.173,0.1751,0.1591,0.1594,1534,沪深300ETF沽9月4100,79,-1,NAN,0.1608,0,0,0.1751,0.1591,159919P2509M004100,4.1000,0.1594,4.0195
2025-03-27,0.228,0.228,0.2035,0.2128,164,沪深300ETF沽9月4200,17,-1,NAN,0.1647,0,0,0.2280,0.2035,159919P2509M004200,4.2000,0.2128,4.1175
2025-03-27,0.2617,0.2705,0.2616,0.2694,304,沪深300ETF沽9月4300,15,-1,NAN,0.1686,0,0,0.2705,0.2616,159919P2509M004300,4.3000,0.2694,4.2155
2025-03-27,0.5085,0.5085,0.5085,0.5085,6,沪深300ETF沽9月4600,1,-1,NAN,0.1804,0,0,0.5085,0.5085,159919P2509M004600,4.6000,0.5085,4.5097
2025-03-27,0.5526,0.5866,0.5497,0.5773,12052,300ETF购9月3500,12,0.9459,0.2648,-0.174,0.3113,0.0008,0.5866,0.5497,510300C2509M03500,3.5000,0.5773,0.6056
2025-03-27,0.39,0.418,0.39,0.4085,10932,300ETF购9月3700,7,0.857,0.5447,-0.2152,0.6404,0.1018,0.4180,0.3900,510300C2509M03700,3.7000,0.4085,0.4315
2025-03-27,0.3176,0.3475,0.3176,0.3294,255208,300ETF购9月3800,187,0.7904,0.6944,-0.2335,0.8164,0.1145,0.3475,0.3176,510300C2509M03800,3.8000,0.3294,0.3533
2025-03-27,0.206,0.224,0.1987,0.2135,562633,300ETF购9月4000,235,0.6215,0.9173,-0.2502,1.0784,0.1389,0.2240,0.1987,510300C2509M04000,4.0000,0.2135,0.2213
2025-03-27,0.1618,0.179,0.1561,0.1663,1923162,300ETF购9月4100,601,0.5278,0.96,-0.2446,1.1286,0.1438,0.1790,0.1561,510300C2509M04100,4.1000,0.1663,0.169
2025-03-27,0.1228,0.1389,0.1218,0.1291,4075414,300ETF购9月4200,1544,0.4347,0.9494,-0.2295,1.1161,0.1492,0.1389,0.1218,510300C2509M04200,4.2000,0.1291,0.1258
2025-03-27,0.0986,0.1065,0.0936,0.1,1238176,300ETF购9月4300,481,0.3472,0.8908,-0.2066,1.0472,0.1544,0.1065,0.0936,510300C2509M04300,4.3000,0.1000,0.0913
2025-03-27,0.0739,0.0812,0.0723,0.0755,1465889,300ETF购9月4400,799,0.2688,0.7958,-0.1786,0.9356,0.1576,0.0812,0.0723,510300C2509M04400,4.4000,0.0755,0.0647
2025-03-27,0.0563,0.0626,0.0555,0.0578,1124427,300ETF购9月4500,1334,0.202,0.6793,-0.1485,0.7986,0.162,0.0626,0.0555,510300C2509M04500,4.5000,0.0578,0.0447
2025-03-27,0.0271,0.0271,0.0232,0.024,213101,300ETF沽9月3500,480,-0.0541,0.2648,-0.0368,0.3113,0.1818,0.0271,0.0232,510300P2509M03500,3.5000,0.0240,0.0099
2025-03-27,0.0573,0.0608,0.0522,0.0557,1147491,300ETF沽9月3700,939,-0.143,0.5447,-0.0701,0.6404,0.18,0.0608,0.0522,510300P2509M03700,3.7000,0.0557,0.0318
2025-03-27,0.0856,0.0888,0.0761,0.0797,1318829,300ETF沽9月3800,857,-0.2096,0.6944,-0.0845,0.8164,0.1788,0.0888,0.0761,510300P2509M03800,3.8000,0.0797,0.0517
2025-03-27,0.1652,0.1718,0.1489,0.1588,830013,300ETF沽9月4000,273,-0.3785,0.9173,-0.0934,1.0784,0.1858,0.1718,0.1489,510300P2509M04000,4.0000,0.1588,0.1158
2025-03-27,0.2229,0.2273,0.1993,0.21,189969,300ETF沽9月4100,123,-0.4722,0.96,-0.0838,1.1286,0.1892,0.2273,0.1993,510300P2509M04100,4.1000,0.2100,0.1614
2025-03-27,0.2913,0.2913,0.2586,0.269,228007,300ETF沽9月4200,185,-0.5653,0.9494,-0.0648,1.1161,0.1932,0.2913,0.2586,510300P2509M04200,4.2000,0.2690,0.2163
2025-03-27,0.3573,0.3601,0.3233,0.3388,116324,300ETF沽9月4300,90,-0.6528,0.8908,-0.038,1.0472,0.201,0.3601,0.3233,510300P2509M04300,4.3000,0.3388,0.2799
2025-03-27,0.5205,0.5205,0.4779,0.4958,87691,300ETF沽9月4500,159,-0.798,0.6793,0.028,0.7986,0.2192,0.5205,0.4779,510300P2509M04500,4.5000,0.4958,0.4293
2025-03-27,0.3203,0.3539,0.3203,0.3385,632,深证100ETF购9月2500,62,0,NAN,0,0,0,0.3539,0.3203,159901C2509M002500,2.5000,0.3385,0
2025-03-27,0.2715,0.3125,0.2715,0.295,300,深证100ETF购9月2550,32,0,NAN,0,0,0,0.3125,0.2715,159901C2509M002550,2.5500,0.2950,0
2025-03-27,0.2506,0.2581,0.2506,0.2581,188,深证100ETF购9月2600,17,0,NAN,0,0,0,0.2581,0.2506,159901C2509M002600,2.6000,0.2581,0
2025-03-27,0.2084,0.2108,0.2084,0.2108,24,深证100ETF购9月2650,2,0,NAN,0,0,0,0.2108,0.2084,159901C2509M002650,2.6500,0.2108,0
2025-03-27,0.1921,0.1921,0.1918,0.1918,38,深证100ETF购9月2700,3,0,NAN,0,0,0,0.1921,0.1918,159901C2509M002700,2.7000,0.1918,0
2025-03-27,0.1732,0.1732,0.1732,0.1732,10,深证100ETF购9月2750,1,0,NAN,0,0,0,0.1732,0.1732,159901C2509M002750,2.7500,0.1732,0
2025-03-27,0.1208,0.1225,0.1208,0.1224,262,深证100ETF购9月2850,15,0,NAN,0,0,0,0.1225,0.1208,159901C2509M002850,2.8500,0.1224,0
2025-03-27,0.1015,0.1142,0.1015,0.1061,29366,深证100ETF购9月2900,435,0,NAN,0,0,0,0.1142,0.1015,159901C2509M002900,2.9000,0.1061,0
2025-03-27,0.0854,0.0946,0.0854,0.093,3902,深证100ETF购9月2950,183,0,NAN,0,0,0,0.0946,0.0854,159901C2509M002950,2.9500,0.0930,0
2025-03-27,0.0753,0.0788,0.0727,0.0788,266,深证100ETF购9月3000,20,0,NAN,0,0,0,0.0788,0.0727,159901C2509M003000,3.0000,0.0788,0
2025-03-27,0.0541,0.0555,0.0485,0.0555,1442,深证100ETF购9月3100,77,0,NAN,0,0,0,0.0555,0.0485,159901C2509M003100,3.1000,0.0555,0
2025-03-27,0.0505,0.0505,0.0479,0.0504,1260,深证100ETF沽9月2500,66,-1,NAN,0.098,0,0,0.0505,0.0479,159901P2509M002500,2.5000,0.0504,2.4509
2025-03-27,0.0618,0.0618,0.0601,0.0605,1220,深证100ETF沽9月2550,90,-1,NAN,0.1,0,0,0.0618,0.0601,159901P2509M002550,2.5500,0.0605,2.4999
2025-03-27,0.0794,0.0794,0.072,0.0748,10112,深证100ETF沽9月2600,366,-1,NAN,0.102,0,0,0.0794,0.0720,159901P2509M002600,2.6000,0.0748,2.5489
2025-03-27,0.0971,0.0971,0.0866,0.0917,2670,深证100ETF沽9月2650,109,-1,NAN,0.1039,0,0,0.0971,0.0866,159901P2509M002650,2.6500,0.0917,2.598
2025-03-27,0.1178,0.1178,0.106,0.1111,358,深证100ETF沽9月2700,32,-1,NAN,0.1059,0,0,0.1178,0.1060,159901P2509M002700,2.7000,0.1111,2.647
2025-03-27,0.1411,0.1411,0.1283,0.1333,522,深证100ETF沽9月2750,37,-1,NAN,0.1078,0,0,0.1411,0.1283,159901P2509M002750,2.7500,0.1333,2.696
2025-03-27,0.167,0.167,0.1498,0.1585,22,深证100ETF沽9月2800,3,-1,NAN,0.1098,0,0,0.1670,0.1498,159901P2509M002800,2.8000,0.1585,2.745
2025-03-27,0.2277,0.2277,0.2193,0.2193,14,深证100ETF沽9月2900,2,-1,NAN,0.1137,0,0,0.2277,0.2193,159901P2509M002900,2.9000,0.2193,2.843
2025-03-27,0.2626,0.2631,0.2431,0.2527,74,深证100ETF沽9月2950,6,-1,NAN,0.1157,0,0,0.2631,0.2431,159901P2509M002950,2.9500,0.2527,2.8921
2025-03-27,0.3084,0.3084,0.2774,0.2912,202,深证100ETF沽9月3000,16,-1,NAN,0.1176,0,0,0.3084,0.2774,159901P2509M003000,3.0000,0.2912,2.9411
2025-03-27,0.391,0.391,0.3444,0.355,17176,深证100ETF沽9月3100,374,-1,NAN,0.1216,0,0,0.3910,0.3444,159901P2509M003100,3.1000,0.3550,3.0391
2025-03-27,0.2402,0.2567,0.2369,0.2527,63568,科创板50购9月800,91,0.9446,0.5169,-0.0532,0.0838,0.0008,0.2567,0.2369,588080C2509M00800,0.8000,0.2527,0.2842
2025-03-27,0.1958,0.2147,0.1939,0.2057,58724,科创板50购9月850,108,0.9026,0.7946,-0.0663,0.1288,0.0008,0.2147,0.1939,588080C2509M00850,0.8500,0.2057,0.2405
2025-03-27,0.1578,0.1746,0.1578,0.168,18868,科创板50购9月900,37,0.8452,1.0991,-0.0799,0.1782,0.0008,0.1746,0.1578,588080C2509M00900,0.9000,0.1680,0.1999
2025-03-27,0.074,0.0896,0.074,0.0834,189375,科创板50购9月1050,451,0.6024,1.7809,-0.1057,0.2887,0.2221,0.0896,0.0740,588080C2509M01050,1.0500,0.0834,0.1028
2025-03-27,0.0603,0.0705,0.0603,0.0645,76323,科创板50购9月1100,177,0.5125,1.841,-0.1057,0.2985,0.2394,0.0705,0.0603,588080C2509M01100,1.1000,0.0645,0.0794
2025-03-27,0.039,0.0433,0.0374,0.0393,703747,科创板50购9月1200,1253,0.3461,1.7032,-0.0935,0.2761,0.2681,0.0433,0.0374,588080C2509M01200,1.2000,0.0393,0.0451
2025-03-27,0.0249,0.0264,0.0226,0.0236,936327,科创板50购9月1300,2066,0.2152,1.3497,-0.072,0.2188,0.2868,0.0264,0.0226,588080C2509M01300,1.3000,0.0236,0.0242
2025-03-27,0.0201,0.0208,0.0194,0.0194,347572,科创板50购9月1350,1052,0.1651,1.1464,-0.0606,0.1859,0.3002,0.0208,0.0194,588080C2509M01350,1.3500,0.0194,0.0173
2025-03-27,0.0055,0.0056,0.0051,0.0051,276404,科创板50沽9月800,1512,-0.0554,0.5169,-0.0219,0.0838,0.2842,0.0056,0.0051,588080P2509M00800,0.8000,0.0051,0.0055
2025-03-27,0.042,0.042,0.0348,0.0365,1507398,科创板50沽9月950,1934,-0.2264,1.3895,-0.0548,0.2253,0.3114,0.0420,0.0348,588080P2509M00950,0.9500,0.0365,0.0315
2025-03-27,0.0625,0.0633,0.0555,0.059,71457,科创板50沽9月1000,424,-0.3089,1.6262,-0.0619,0.2637,0.3306,0.0633,0.0555,588080P2509M01000,1.0000,0.0590,0.048
2025-03-27,0.1573,0.1573,0.1482,0.1482,6674,科创板50沽9月1150,8,-0.5741,1.81,-0.0562,0.2935,0.3687,0.1573,0.1482,588080P2509M01150,1.1500,0.1482,0.1247
2025-03-27,0.2404,0.2424,0.2404,0.2422,26180,科创板50沽9月1250,30,-0.7244,1.5421,-0.0343,0.25,0.4598,0.2424,0.2404,588080P2509M01250,1.2500,0.2422,0.1957
2025-03-27,0.273,0.273,0.273,0.273,1200,科创板50沽9月1300,10,-0.7848,1.3497,-0.021,0.2188,0.4387,0.2730,0.2730,588080P2509M01300,1.3000,0.2730,0.2356
2025-03-27,0.3194,0.3194,0.319,0.319,2033,科创板50沽9月1350,5,-0.8349,1.1464,-0.0076,0.1859,0.467,0.3194,0.3190,588080P2509M01350,1.3500,0.3190,0.2778
2025-03-27,0.27,0.2884,0.27,0.2817,9997,科创50购9月800,90,0.9578,0.4044,-0.0496,0.0692,0.0008,0.2884,0.2700,588000C2509M00800,0.8000,0.2817,0.3118
2025-03-27,0.229,0.2408,0.229,0.2365,1482,科创50购9月850,24,0.9234,0.6464,-0.062,0.1107,0.0008,0.2408,0.2290,588000C2509M00850,0.8500,0.2365,0.267
2025-03-27,0.185,0.2035,0.1829,0.1919,144735,科创50购9月900,154,0.8745,0.9274,-0.0756,0.1588,0.0008,0.2035,0.1829,588000C2509M00900,0.9000,0.1919,0.2249
2025-03-27,0.1504,0.1632,0.1477,0.1547,31874,科创50购9月950,71,0.8112,1.2139,-0.0887,0.2078,0.0008,0.1632,0.1477,588000C2509M00950,0.9500,0.1547,0.1862
2025-03-27,0.12,0.1334,0.1193,0.1232,128415,科创50购9月1000,216,0.736,1.4685,-0.0995,0.2514,0.1656,0.1334,0.1193,588000C2509M01000,1.0000,0.1232,0.1514
2025-03-27,0.0947,0.1061,0.092,0.0977,846267,科创50购9月1050,801,0.6523,1.6597,-0.1066,0.2841,0.2062,0.1061,0.0920,588000C2509M01050,1.0500,0.0977,0.121
2025-03-27,0.0725,0.0832,0.0725,0.0773,691377,科创50购9月1100,924,0.5649,1.7681,-0.1092,0.3027,0.2308,0.0832,0.0725,588000C2509M01100,1.1000,0.0773,0.0951
2025-03-27,0.0595,0.0666,0.058,0.0618,498604,科创50购9月1150,946,0.4782,1.7892,-0.1074,0.3063,0.2513,0.0666,0.0580,588000C2509M01150,1.1500,0.0618,0.0735
2025-03-27,0.0488,0.0525,0.0454,0.0487,266739,科创50购9月1200,692,0.3961,1.7308,-0.1016,0.2963,0.265,0.0525,0.0454,588000C2509M01200,1.2000,0.0487,0.0559
2025-03-27,0.0384,0.042,0.0365,0.0381,119044,科创50购9月1250,551,0.3215,1.6094,-0.0928,0.2755,0.2755,0.0420,0.0365,588000C2509M01250,1.2500,0.0381,0.0419
2025-03-27,0.031,0.033,0.029,0.0308,179904,科创50购9月1300,871,0.2559,1.4451,-0.0822,0.2474,0.2886,0.0330,0.0290,588000C2509M01300,1.3000,0.0308,0.031
2025-03-27,0.0239,0.0265,0.0234,0.0235,432469,科创50购9月1350,1343,0.2002,1.2581,-0.0707,0.2154,0.2934,0.0265,0.0234,588000C2509M01350,1.3500,0.0235,0.0227
2025-03-27,0.0199,0.0209,0.0181,0.0188,498170,科创50购9月1400,2097,0.154,1.0657,-0.0593,0.1825,0.3025,0.0209,0.0181,588000C2509M01400,1.4000,0.0188,0.0164
2025-03-27,0.0103,0.0103,0.0088,0.0093,40371,科创50沽9月850,391,-0.0766,0.6464,-0.0286,0.1107,0.2979,0.0103,0.0088,588000P2509M00850,0.8500,0.0093,0.0083
2025-03-27,0.0198,0.0198,0.0158,0.0172,58809,科创50沽9月900,727,-0.1255,0.9274,-0.0403,0.1588,0.3017,0.0198,0.0158,588000P2509M00900,0.9000,0.0172,0.0152
2025-03-27,0.032,0.0329,0.0273,0.0288,569075,科创50沽9月950,1797,-0.1888,1.2139,-0.0514,0.2078,0.3052,0.0329,0.0273,588000P2509M00950,0.9500,0.0288,0.0255
2025-03-27,0.0547,0.0547,0.0439,0.0466,721803,科创50沽9月1000,1065,-0.264,1.4685,-0.0603,0.2514,0.3164,0.0547,0.0439,588000P2509M01000,1.0000,0.0466,0.0398
2025-03-27,0.1125,0.1125,0.0932,0.1008,430867,科创50沽9月1100,638,-0.4351,1.7681,-0.0661,0.3027,0.3534,0.1125,0.0932,588000P2509M01100,1.1000,0.1008,0.0815
2025-03-27,0.1472,0.1472,0.1272,0.1302,96408,科创50沽9月1150,270,-0.5218,1.7892,-0.0623,0.3063,0.359,0.1472,0.1272,588000P2509M01150,1.1500,0.1302,0.1089
2025-03-27,0.1853,0.1853,0.1633,0.1715,66403,科创50沽9月1200,101,-0.6039,1.7308,-0.0545,0.2963,0.393,0.1853,0.1633,588000P2509M01200,1.2000,0.1715,0.1404
2025-03-27,0.2175,0.2175,0.2002,0.2085,33692,科创50沽9月1250,84,-0.6785,1.6094,-0.0438,0.2755,0.4046,0.2175,0.2002,588000P2509M01250,1.2500,0.2085,0.1754
2025-03-27,0.2534,0.2534,0.2534,0.2534,2,科创50沽9月1300,1,-0.7441,1.4451,-0.0312,0.2474,0.4363,0.2534,0.2534,588000P2509M01300,1.3000,0.2534,0.2135
2025-03-27,0.3,0.3,0.2899,0.2935,2755,科创50沽9月1350,17,-0.7998,1.2581,-0.0178,0.2154,0.446,0.3000,0.2899,588000P2509M01350,1.3500,0.2935,0.2541
2025-03-27,0.31,0.3333,0.2959,0.3132,8718,创业板ETF购9月1800,201,0,NAN,0,0,0,0.3333,0.2959,159915C2509M001800,1.8000,0.3132,0
2025-03-27,0.1969,0.222,0.1969,0.212,1584,创业板ETF购9月1950,59,0,NAN,0,0,0,0.2220,0.1969,159915C2509M001950,1.9500,0.2120,0
2025-03-27,0.1441,0.1662,0.1441,0.1544,4224,创业板ETF购9月2050,84,0,NAN,0,0,0,0.1662,0.1441,159915C2509M002050,2.0500,0.1544,0
2025-03-27,0.1085,0.1217,0.105,0.1113,184114,创业板ETF购9月2150,1131,0,NAN,0,0,0,0.1217,0.1050,159915C2509M002150,2.1500,0.1113,0
2025-03-27,0.0951,0.1032,0.0896,0.0943,15158,创业板ETF购9月2200,235,0,NAN,0,0,0,0.1032,0.0896,159915C2509M002200,2.2000,0.0943,0
2025-03-27,0.0722,0.0761,0.0667,0.0683,49262,创业板ETF购9月2300,421,0,NAN,0,0,0,0.0761,0.0667,159915C2509M002300,2.3000,0.0683,0
2025-03-27,0.0538,0.0556,0.0492,0.0496,15602,创业板ETF购9月2400,313,0,NAN,0,0,0,0.0556,0.0492,159915C2509M002400,2.4000,0.0496,0
2025-03-27,0.0456,0.0479,0.0411,0.0422,310944,创业板ETF购9月2450,1425,0,NAN,0,0,0,0.0479,0.0411,159915C2509M002450,2.4500,0.0422,0
2025-03-27,0.0307,0.0329,0.0273,0.03,484730,创业板ETF沽9月1800,1662,-1,NAN,0.0706,0,0,0.0329,0.0273,159915P2509M001800,1.8000,0.0300,1.7646
2025-03-27,0.0437,0.0445,0.0378,0.0411,14036,创业板ETF沽9月1850,222,-1,NAN,0.0725,0,0,0.0445,0.0378,159915P2509M001850,1.8500,0.0411,1.8137
2025-03-27,0.058,0.0614,0.0503,0.0553,224652,创业板ETF沽9月1900,1228,-1,NAN,0.0745,0,0,0.0614,0.0503,159915P2509M001900,1.9000,0.0553,1.8627
2025-03-27,0.076,0.08,0.0665,0.0719,204144,创业板ETF沽9月1950,948,-1,NAN,0.0765,0,0,0.0800,0.0665,159915P2509M001950,1.9500,0.0719,1.9117
2025-03-27,0.0973,0.1015,0.0863,0.0935,35096,创业板ETF沽9月2000,416,-1,NAN,0.0784,0,0,0.1015,0.0863,159915P2509M002000,2.0000,0.0935,1.9607
2025-03-27,0.1248,0.1275,0.1095,0.1175,8150,创业板ETF沽9月2050,134,-1,NAN,0.0804,0,0,0.1275,0.1095,159915P2509M002050,2.0500,0.1175,2.0097
2025-03-27,0.1539,0.155,0.1362,0.145,22542,创业板ETF沽9月2100,371,-1,NAN,0.0824,0,0,0.1550,0.1362,159915P2509M002100,2.1000,0.1450,2.0588
2025-03-27,0.1863,0.1863,0.1644,0.1756,16628,创业板ETF沽9月2150,304,-1,NAN,0.0843,0,0,0.1863,0.1644,159915P2509M002150,2.1500,0.1756,2.1078
2025-03-27,0.2209,0.2209,0.2004,0.2058,1348,创业板ETF沽9月2200,67,-1,NAN,0.0863,0,0,0.2209,0.2004,159915P2509M002200,2.2000,0.2058,2.1568
2025-03-27,0.2551,0.2572,0.231,0.242,2684,创业板ETF沽9月2250,116,-1,NAN,0.0882,0,0,0.2572,0.2310,159915P2509M002250,2.2500,0.2420,2.2058
2025-03-27,0.3537,0.3537,0.3537,0.3537,30,创业板ETF沽9月2400,5,-1,NAN,0.0941,0,0,0.3537,0.3537,159915P2509M002400,2.4000,0.3537,2.3529
2025-03-27,0.4182,0.4182,0.3866,0.3998,1542,创业板ETF沽9月2450,68,-1,NAN,0.0961,0,0,0.4182,0.3866,159915P2509M002450,2.4500,0.3998,2.4019
2025-03-27,1.0,1.0564,0.9574,1.0156,62083,500ETF购9月4800,46,0.9644,0.0969,-0.2431,0.3284,0.0008,1.0564,0.9574,510500C2509M04800,4.8000,1.0156,1.2623
2025-03-27,0.8821,0.8821,0.7809,0.84,29717,500ETF购9月5000,25,0.9337,0.1594,-0.2842,0.5403,0.0008,0.8821,0.7809,510500C2509M05000,5.0000,0.8400,1.079
2025-03-27,0.3164,0.3456,0.285,0.3203,2645606,500ETF购9月5750,568,0.6821,0.4414,-0.4331,1.4958,0.0391,0.3456,0.2850,510500C2509M05750,5.7500,0.3203,0.4984
2025-03-27,0.2138,0.2357,0.1893,0.2165,4304530,500ETF购9月6000,1676,0.5635,0.4874,-0.4408,1.652,0.1065,0.2357,0.1893,510500C2509M06000,6.0000,0.2165,0.3584
2025-03-27,0.1415,0.1546,0.1234,0.1429,2668670,500ETF购9月6250,935,0.4439,0.4888,-0.4176,1.6567,0.1284,0.1546,0.1234,510500C2509M06250,6.2500,0.1429,0.2482
2025-03-27,0.0658,0.0692,0.0557,0.0628,1993740,500ETF购9月6750,1015,0.2394,0.3842,-0.3057,1.302,0.1567,0.0692,0.0557,510500C2509M06750,6.7500,0.0628,0.1066
2025-03-27,0.045,0.0482,0.0391,0.0423,1478514,500ETF购9月7000,1141,0.1644,0.3065,-0.2383,1.0388,0.1677,0.0482,0.0391,510500C2509M07000,7.0000,0.0423,0.0663
2025-03-27,0.03,0.0345,0.0273,0.0303,1122825,500ETF购9月7250,1012,0.1084,0.2303,-0.1758,0.7804,0.1796,0.0345,0.0273,510500C2509M07250,7.2500,0.0303,0.0399
2025-03-27,0.0413,0.0478,0.0376,0.0391,159469,500ETF沽9月4900,170,-0.0492,0.126,-0.0705,0.4271,0.2332,0.0478,0.0376,510500P2509M04900,4.9000,0.0391,0.0175
2025-03-27,0.4192,0.46,0.3852,0.4106,1565963,500ETF沽9月6000,493,-0.4365,0.4874,-0.2055,1.652,0.2689,0.4600,0.3852,510500P2509M06000,6.0000,0.4106,0.2846
2025-03-27,0.826,0.826,0.784,0.7879,150294,500ETF沽9月6500,78,-0.6665,0.4501,-0.1143,1.5254,0.3213,0.8260,0.7840,510500P2509M06500,6.5000,0.7879,0.582
2025-03-27,0.9999,1.0043,0.9999,1.004,4164,500ETF沽9月6750,36,-0.7606,0.3842,-0.041,1.302,0.351,1.0043,0.9999,510500P2509M06750,6.7500,1.0040,0.768
2025-03-27,0.3037,0.3037,0.2671,0.3016,342,中证500ETF购9月2050,26,0,NAN,0,0,0,0.3037,0.2671,159922C2509M002050,2.0500,0.3016,0
2025-03-27,0.2619,0.2625,0.2322,0.2625,26,中证500ETF购9月2100,3,0,NAN,0,0,0,0.2625,0.2322,159922C2509M002100,2.1000,0.2625,0
2025-03-27,0.2229,0.2229,0.206,0.2211,52,中证500ETF购9月2150,5,0,NAN,0,0,0,0.2229,0.2060,159922C2509M002150,2.1500,0.2211,0
2025-03-27,0.1878,0.1902,0.1744,0.1878,4182,中证500ETF购9月2200,124,0,NAN,0,0,0,0.1902,0.1744,159922C2509M002200,2.2000,0.1878,0
2025-03-27,0.103,0.1103,0.091,0.1062,1810,中证500ETF购9月2350,88,0,NAN,0,0,0,0.1103,0.0910,159922C2509M002350,2.3500,0.1062,0
2025-03-27,0.0571,0.0584,0.0519,0.0584,538,中证500ETF购9月2500,39,0,NAN,0,0,0,0.0584,0.0519,159922C2509M002500,2.5000,0.0584,0
2025-03-27,0.0489,0.0497,0.0415,0.0497,1130,中证500ETF购9月2550,57,0,NAN,0,0,0,0.0497,0.0415,159922C2509M002550,2.5500,0.0497,0
2025-03-27,0.0404,0.0404,0.0345,0.0399,1114,中证500ETF购9月2600,80,0,NAN,0,0,0,0.0404,0.0345,159922C2509M002600,2.6000,0.0399,0
2025-03-27,0.0324,0.0335,0.0287,0.0312,7674,中证500ETF购9月2650,217,0,NAN,0,0,0,0.0335,0.0287,159922C2509M002650,2.6500,0.0312,0
2025-03-27,0.0351,0.0357,0.0308,0.0327,2162,中证500ETF沽9月2050,69,-1,NAN,0.0804,0,0,0.0357,0.0308,159922P2509M002050,2.0500,0.0327,2.0097
2025-03-27,0.0469,0.0475,0.0393,0.0422,9492,中证500ETF沽9月2100,240,-1,NAN,0.0824,0,0,0.0475,0.0393,159922P2509M002100,2.1000,0.0422,2.0588
2025-03-27,0.0611,0.0611,0.0538,0.0551,1276,中证500ETF沽9月2150,51,-1,NAN,0.0843,0,0,0.0611,0.0538,159922P2509M002150,2.1500,0.0551,2.1078
2025-03-27,0.0788,0.0788,0.0725,0.0725,24,中证500ETF沽9月2200,2,-1,NAN,0.0863,0,0,0.0788,0.0725,159922P2509M002200,2.2000,0.0725,2.1568
2025-03-27,0.0901,0.0928,0.0901,0.0928,114,中证500ETF沽9月2250,8,-1,NAN,0.0882,0,0,0.0928,0.0901,159922P2509M002250,2.2500,0.0928,2.2058
2025-03-27,0.1119,0.1119,0.1069,0.1074,1920,中证500ETF沽9月2300,100,-1,NAN,0.0902,0,0,0.1119,0.1069,159922P2509M002300,2.3000,0.1074,2.2548
2025-03-27,0.1484,0.1484,0.1313,0.1313,656,中证500ETF沽9月2350,59,-1,NAN,0.0922,0,0,0.1484,0.1313,159922P2509M002350,2.3500,0.1313,2.3038
2025-03-27,0.1735,0.1735,0.168,0.1682,236,中证500ETF沽9月2400,20,-1,NAN,0.0941,0,0,0.1735,0.1680,159922P2509M002400,2.4000,0.1682,2.3529
2025-03-27,0.25,0.26,0.23,0.24,1562,中证500ETF沽9月2500,73,-1,NAN,0.098,0,0,0.2600,0.2300,159922P2509M002500,2.5000,0.2400,2.4509
2025-03-27,0.2743,0.2743,0.2743,0.2743,80,中证500ETF沽9月2550,8,-1,NAN,0.1,0,0,0.2743,0.2743,159922P2509M002550,2.5500,0.2743,2.4999
2025-03-27,0.315,0.315,0.315,0.315,80,中证500ETF沽9月2600,8,-1,NAN,0.102,0,0,0.3150,0.3150,159922P2509M002600,2.6000,0.3150,2.5489
2025-03-27,0.3512,0.3639,0.3512,0.3581,874,中证500ETF沽9月2650,54,-1,NAN,0.1039,0,0,0.3639,0.3512,159922P2509M002650,2.6500,0.3581,2.598
